5.46884374883,27.6871619252,
5.46884374883,27.4298938495,
27.6871619252,19.4616937206,
27.4298938495,16.9475841905,
19.4616937206,6.3852390448,64.1910324155,
16.9475841905,6.3852390448,60.9946133227,
64.1910324155,14.3508343944,18.0811874712,
60.9946133227,22.7330404077,
14.3508343944,17.6330314086,98.0582693461,
18.0811874712,17.6330314086,23.8004803132,
22.7330404077,22.0657599438,
14.2598958476,26.2963984998,50.1228784809,
23.8004803132,14.5776240644,39.6841245565,
14.2598958476,14.5776240644,
12.3140369695,18.7224461408,
39.6841245565,19.97467222,28.2912119751,
12.3140369695,19.97467222,29.9551672916,
10.251242717,31.9331078757,
18.7224461408,10.251242717,
28.2912119751,29.9551672916,32.0616413539,
18.5697220277,15.6077128711,
15.6077128711,52.7098472595,
52.7098472595,18.4202044145,41.5409855519,
101.967065862,42.0831667049,57.947828937,22.8650212696,18.513193241,
22.9649964562,20.5865014013,18.860672341,33.9616964836,
18.5697220277,68.4072760426,34.7977512861,
68.4072760426,18.4202044145,49.5849939926,101.378257263,35.7736620733,
22.9649964562,20.0937843619,40.8437344066,31.2531132677,
20.0937843619,21.9001549081,
42.0831667049,19.6678429403,64.9388847761,
19.6678429403,25.1808721957,10.7166298927,
32.0616413539,40.8437344066,25.1808721957,
98.0582693461,10.7166298927,22.014872158,
22.014872158,
22.0657599438,26.2963984998,67.9128536252,
31.9331078757,14.6036633728,16.9783560128,
14.6036633728,20.5487566189,
50.1228784809,16.9783560128,20.5487566189,16.5911973565,
27.6728456454,21.0284713428,41.3065730113,
67.9128536252,27.6728456454,13.6023155834,
13.6023155834,
17.5626811004,68.9670105742,16.6510185669,61.7457054782,
17.5626811004,28.7124363985,48.2988514546,
68.9670105742,44.7015681492,15.5727492223,32.1904554066,
44.7015681492,30.9513725653,50.9795533616,27.5869976454,59.9416851549,16.2782546025,
28.7124363985,30.9513725653,
48.2988514546,30.2705847264,
30.2705847264,27.7274906488,32.6789318034,
27.7274906488,50.516358948,17.2045158673,46.6294984508,48.0884416281,
32.8581541751,50.516358948,26.605670544,10.0129361659,
32.8581541751,27.0474800051,20.6551560884,38.1064742769,
27.0474800051,24.2756992554,40.6404774104,
24.2756992554,24.7918476889,305.49291356,
50.9795533616,65.7326578151,56.1202414559,17.0644896812,
65.7326578151,40.5492142718,17.5155722189,
17.2045158673,41.8098794,
27.5869976454,56.1202414559,41.8098794,57.06364993,
59.9416851549,40.6404774104,17.0644896812,57.06364993,
40.5492142718,50.2067918317,58.8485159822,
50.2067918317,24.8838666472,16.1681744775,
58.8485159822,24.8838666472,69.0464963766,
16.1681744775,57.0639737136,
22.9950593828,25.8399290422,16.3023461488,
25.8399290422,31.4580508074,19.0725780525,
31.4580508074,13.9494211312,
13.9494211312,102.552066223,
24.7918476889,14.4989840925,312.550902229,
14.4989840925,17.0576860819,
17.5155722189,17.0576860819,
16.5911973565,21.0284713428,
41.3065730113,35.5907237061,45.9784163743,
35.5907237061,15.6303420907,
45.9784163743,51.8970710706,47.3446982736,
51.8970710706,63.0024727078,15.3341689356,
63.0024727078,23.7017625119,
34.4103659489,39.1464952538,
34.4103659489,8.52460040709,
8.52460040709,89.7473089241,86.113708131,
89.7473089241,7.78441541922,
7.78441541922,48.473572578,
30.5312617066,31.3935355461,
16.3023461488,19.0725780525,74.4805173327,
74.4805173327,33.4146835572,80.1490892925,
305.49291356,312.550902229,450.861209818,321.239273011,
19.1509137193,39.2433575022,
35.9772544027,52.9678389,33.3055141823,
95.5583161191,28.7958808479,11.5290386238,64.304701969,
95.5583161191,20.3969441363,
20.3969441363,23.2570229084,
46.6294984508,51.247614519,68.7545825785,18.9447186855,
26.605670544,34.2453011661,23.3195852786,36.4168865944,
20.6551560884,34.2453011661,41.3126814716,22.6492346481,
32.6789318034,48.0884416281,51.247614519,33.7098695121,
68.7545825785,33.7098695121,38.6059473938,
28.7958808479,38.6059473938,23.9104429712,22.8224429366,
23.9104429712,48.0394559488,
20.5865014013,28.5607618251,
49.5849939926,34.9023913207,42.028749448,
34.9023913207,40.8574293504,
42.028749448,27.9236773794,22.0575834466,
27.9236773794,9.90063765586,
40.8574293504,7.21483699792,29.450226477,
9.90063765586,7.21483699792,24.0388275953,
24.0388275953,
29.450226477,58.1237133216,17.2621123264,
30.5312617066,58.1237133216,61.6397954978,
19.1509137193,46.7860265487,39.6491343564,61.6397954978,104.478954212,
11.5290386238,22.8224429366,104.478954212,
31.0141781318,54.7118435101,29.2903776438,
69.0464963766,20.0444011091,24.4450790285,
20.0444011091,26.4468857114,
28.3579089707,31.9255071521,
41.5936030609,89.1727719615,33.5720419417,
41.5936030609,17.2431797876,
33.4146835572,94.3751109751,
80.1490892925,33.7405524249,28.96813957,
37.5301070114,46.3649848499,36.3055463817,
37.5301070114,39.5702359688,52.0911730635,130.847699513,
33.7405524249,46.3649848499,39.5702359688,26.4249302722,
28.96813957,36.3055463817,52.0911730635,26.4249302722,
24.4450790285,18.6340398548,12.4072762127,
18.6340398548,17.287435317,
86.113708131,89.1727719615,31.8346817203,42.0787741137,
12.4072762127,18.675160806,
18.675160806,11.6073450276,
11.6073450276,11.3318021961,
48.473572578,11.3318021961,
54.7118435101,17.730510515,24.5065425233,25.7386424926,
17.730510515,10.845457981,
48.0394559488,28.5607618251,10.845457981,
22.8650212696,18.860672341,
18.513193241,101.378257263,24.5065425233,
33.9616964836,21.9001549081,16.6510185669,
42.0624404502,15.6303420907,35.4125966504,
47.3446982736,15.3341689356,
39.1464952538,6.67529070883,
31.3935355461,17.2621123264,
38.1064742769,321.239273011,41.3126814716,130.847699513,
39.2433575022,35.9772544027,46.401388405,64.0939724848,
64.304701969,39.6491343564,46.401388405,
52.9678389,51.3474133366,
51.3474133366,24.2847098583,
24.2847098583,32.0016445454,
25.1254398334,32.0016445454,59.7473782778,
18.9447186855,23.3195852786,10.1282182505,
23.2570229084,10.1282182505,
23.7017625119,6.67529070883,
31.8346817203,
17.2431797876,94.3751109751,27.8975898658,
27.8975898658,30.6659869564,
30.6659869564,38.7172885056,
38.7172885056,30.7627817964,
30.7627817964,30.2208491705,
57.0639737136,22.9950593828,30.2208491705,
36.4168865944,59.7473782778,49.1186249283,
22.6492346481,49.1186249283,
34.7977512861,35.7736620733,
22.0575834466,
29.2903776438,25.7386424926,
64.0939724848,33.3055141823,
61.7457054782,15.5727492223,
32.1904554066,16.2782546025,
10.0129361659,
31.9255071521,33.5720419417,
26.4468857114,28.3579089707,
17.287435317,42.0787741137,
