2,3
1,4
1,5
2,6
3,6,7
4,5,8
5,9,10
6,11
7,10,33
7,9,13
8,35
14,35,38
10,14,16
12,13
17,19
13,17,20
15,16,20
19,36
15,18
16,17,32
26,22
21,23
22,27,84
27,30,84,131,132
28,97,131,133
21,27,157
26,23,98,132,157
25,29,32,133
28,133
24,,31,84
30,32,33
20,28,31
9,31,34
33
11,12,40
18,37,38
36,38
12,36,37,70
40,70,71
35,39,41
40
43,44,133,161
42,46,47
42,45,161,162
44,46,54,57,58,162
43,45
43,48
47,49,93
48,50,56,90,93
51,49,91,163
50,52,92,138
51,53,58
52,67,84
45,55,57,58
54,59,69
49,57
45,54,56,58
45,52,54,57
55,60,61
59,61,62
59,60,110
60,154
154,64,82
63,65,82
64,66
65,67
53,68,84
67,69
55,68
38,39
39,72,73
71,134
71,74,135
73,75,135
74,147
77,136
76,78
77,79,123
78,80
79,127
106,137
63,64,83
82,115,116
53,67,118,138
107,139
139,141,160
88,95,108,140
87,89
88,146
49,93,94,145
50,92,145,155
51,91,138,156
48,49,90,94
90,93,95
87,94,96,108
95,130
25,130
27,99,100
98,102
98,101,158
100,103
99,103,105
101,102,104
103
102,106,137
81,105,107
85,139,140,106,108
87,95,107
108,128,159
61,111,121
110,165
165,164
114,123,164
113,149
83,149
83,119,120
118,119,120
117,119,120,138
116,117,118,120
116,117,118,119
110,122,124
121,166
78,113,148,166
121,125
124,126
125,127
80,126
109,129,132,159
128,130
96,97,129
24,25
24,27,128
25,29,42
71,72,73
73,74
76,147
81,105
51,84,92,118
85,86,140,160
87,107,139
86,142
141,143
142,144
88,143,155
90,91,146
89,145
75,136
123
114,115,150
149,151
150,152
151,153
152,154
62,63,153
91,144,156
92,155
26,27
100
109,128
139,86
42,44
44,45
50
112,113
111,112
122,123