0,2,2,3,2,3,3,3,3,3,3,3,3,3,3,3,3,3,3,3,3,3,3,3,3,3,3,3,3,3,3,3,3,3,3,3,3,3,3,3,3,3,3,3,3,3,3,3,3,3,3,3,3,3,3,3,3,3,3,3,3,3,3,3,3,3,3,3,3,3,3,3,3,3,3,3,3,3,3,3,3,3,3,3,3,3,3,3,3,3,3,3,3,3,3,3,3,3,3,3,3,3,3,3,3,3,3,3,3,3,3,3,3,3,3,3,3,3,3,3,3,3,3,3,3,3,3,3,3,3,3,3,3,3,3,3,3,3,3,3,3,3,3,3,3,3,3,3,3,3,3,3,3,3,3,3,3
0,1,4,4,4,4,4,4,4,4,4,4,4,4,4,4,4,4,4,4,4,4,4,4,4,4,4,4,4,4,4,4,4,4,4,4,4,4,4,4,4,4,4,4,4,4,4,4,4,4,4,4,4,4,4,4,4,4,4,4,4,4,4,4,4,4,4,4,4,4,4,4,4,4,4,4,4,4,4,4,4,4,4,4,4,4,4,4,4,4,4,4,4,4,4,4,4,4,4,4,4,4,4,4,4,4,4,4,4,4,4,4,4,4,4,4,4,4,4,4,4,4,4,4,4,4,4,4,4,4,4,4,4,4,4,4,4,4,4,4,4,4,4,4,4,4,4,4,4,4,4,4,4,4,4,4,4
0,1,1,1,1,5,1,1,5,1,5,1,1,1,1,1,1,1,1,1,1,1,1,1,1,1,1,1,1,1,1,1,1,5,1,1,1,1,1,1,1,1,1,1,1,1,1,1,1,1,1,1,1,1,1,1,1,1,1,1,1,1,1,1,1,1,1,1,1,1,1,1,1,1,1,1,1,1,1,1,1,1,1,1,1,1,1,1,1,1,1,1,1,1,1,1,1,1,1,1,1,1,1,1,1,1,1,1,1,1,1,1,1,1,1,1,1,1,1,1,1,1,1,1,1,1,1,1,1,1,1,1,1,1,1,1,1,1,1,1,1,1,1,1,1,1,1,1,1,1,1,1,1,1,1,1,1
0,2,2,6,6,6,6,6,6,6,6,6,6,6,6,6,6,6,6,6,6,6,6,6,6,6,6,6,6,6,6,6,6,6,6,6,6,6,6,6,6,6,6,6,6,6,6,6,6,6,6,6,6,6,6,6,6,6,6,6,6,6,6,6,6,6,6,6,6,6,6,6,6,6,6,6,6,6,6,6,6,6,6,6,6,6,6,6,6,6,6,6,6,6,6,6,6,6,6,6,6,6,6,6,6,6,6,6,6,6,6,6,6,6,6,6,6,6,6,6,6,6,6,6,6,6,6,6,6,6,6,6,6,6,6,6,6,6,6,6,6,6,6,6,6,6,6,6,6,6,6,6,6,6,6,6,6
0,3,3,3,6,6,6,7,6,6,6,7,7,6,7,7,7,7,7,7,7,7,7,7,7,7,7,7,7,7,7,7,7,6,7,7,7,7,7,7,7,7,7,7,7,7,7,7,7,7,7,7,7,7,7,7,7,7,7,7,7,7,7,7,7,7,7,7,7,7,7,7,7,7,7,7,7,7,7,7,7,7,7,7,7,7,7,7,7,7,7,7,7,7,7,7,7,7,7,7,7,7,7,7,7,7,7,7,7,7,7,7,7,7,7,7,7,7,7,7,7,7,7,7,7,7,7,7,7,7,7,7,7,7,7,7,7,7,7,7,7,7,7,7,7,7,7,7,7,7,7,7,7,7,7,7,7
0,4,4,4,4,5,4,4,8,4,8,4,8,4,4,8,4,4,8,4,4,4,4,4,4,4,4,4,4,4,4,4,4,8,4,8,8,8,4,4,4,4,4,4,4,4,4,4,4,4,4,4,4,4,4,4,4,4,4,4,4,4,4,4,4,4,4,4,4,4,4,4,4,4,4,4,4,4,4,4,4,4,4,4,4,4,4,4,4,4,4,4,4,4,4,4,4,4,4,4,4,4,4,4,4,4,4,4,4,4,4,4,4,4,4,4,4,4,4,4,4,4,4,4,4,4,4,4,4,4,4,4,4,4,4,4,4,4,4,4,4,4,4,4,4,4,4,4,4,4,4,4,4,4,4,4,4
0,5,5,5,5,5,9,9,10,9,10,9,10,9,9,10,10,10,10,9,10,10,10,10,10,10,10,10,10,10,10,10,9,10,9,10,10,10,10,10,10,10,10,10,10,10,10,10,10,10,10,10,10,10,10,10,10,10,10,10,10,10,10,10,10,10,10,10,10,10,10,10,10,10,10,10,10,10,10,10,10,10,10,10,10,10,10,10,10,10,10,10,10,10,10,10,10,10,10,10,10,10,10,10,10,10,10,10,10,10,10,10,10,10,10,10,10,10,10,10,10,10,10,10,10,10,10,10,10,10,10,10,10,10,10,10,10,10,10,10,10,10,10,10,10,10,10,10,10,10,10,10,10,10,10,10,10
0,6,6,6,6,6,6,6,6,6,6,11,11,11,11,11,11,11,11,11,11,11,11,11,11,11,11,11,11,11,11,11,11,6,11,11,11,11,11,11,11,11,11,11,11,11,11,11,11,11,11,11,11,11,11,11,11,11,11,11,11,11,11,11,11,11,11,11,11,11,11,11,11,11,11,11,11,11,11,11,11,11,11,11,11,11,11,11,11,11,11,11,11,11,11,11,11,11,11,11,11,11,11,11,11,11,11,11,11,11,11,11,11,11,11,11,11,11,11,11,11,11,11,11,11,11,11,11,11,11,11,11,11,11,11,11,11,11,11,11,11,11,11,11,11,11,11,11,11,11,11,11,11,11,11,11,11
0,7,7,7,7,7,7,7,10,7,10,7,10,10,7,10,7,7,10,7,10,10,10,10,10,10,10,10,7,10,10,7,7,33,7,10,10,10,10,10,10,10,10,10,10,10,10,10,10,10,10,10,10,10,10,10,10,10,10,10,10,10,10,10,10,10,10,10,10,10,10,10,10,10,10,10,10,10,10,10,10,10,10,10,10,10,10,10,10,10,10,10,10,10,10,10,10,10,10,10,10,10,10,10,10,10,10,10,10,10,10,10,10,10,10,10,10,10,10,10,10,10,10,10,10,10,10,10,10,10,10,10,10,10,10,10,10,10,10,10,10,10,10,10,10,10,10,10,10,10,10,10,10,10,10,10,10
0,7,7,7,7,7,7,7,7,9,7,7,13,13,7,7,7,7,7,7,7,7,7,7,7,7,7,7,7,7,7,7,7,7,7,7,7,7,7,7,7,7,7,7,7,7,7,7,7,7,7,7,7,7,7,7,7,7,7,7,7,7,7,7,7,7,7,7,7,7,7,7,7,7,7,7,7,7,7,7,7,7,7,7,7,7,7,7,7,7,7,7,7,7,7,7,7,7,7,7,7,7,7,7,7,7,7,7,7,7,7,7,7,7,7,7,7,7,7,7,7,7,7,7,7,7,7,7,7,7,7,7,7,7,7,7,7,7,7,7,7,7,7,7,7,7,7,7,7,7,7,7,7,7,7,7,7
0,8,8,8,8,8,8,8,8,8,8,8,35,35,8,35,35,35,35,35,35,35,35,35,35,35,35,35,35,35,35,35,35,8,35,35,35,35,35,35,35,35,35,35,35,35,35,35,35,35,35,35,35,35,35,35,35,35,35,35,35,35,35,35,35,35,35,35,35,35,35,35,35,35,35,35,35,35,35,35,35,35,35,35,35,35,35,35,35,35,35,35,35,35,35,35,35,35,35,35,35,35,35,35,35,35,35,35,35,35,35,35,35,35,35,35,35,35,35,35,35,35,35,35,35,35,35,35,35,35,35,35,35,35,35,35,35,35,35,35,35,35,35,35,35,35,35,35,35,35,35,35,35,35,35,35,35
0,14,14,14,14,14,14,14,35,14,35,14,35,35,14,35,14,14,35,14,14,14,14,14,14,14,14,14,14,14,14,14,14,14,14,35,35,35,38,38,38,38,14,38,38,38,14,14,14,14,14,38,38,38,38,38,14,38,38,38,38,38,38,38,38,38,38,38,38,38,38,38,38,38,38,38,38,38,38,38,38,38,38,38,14,38,14,14,38,14,14,14,38,14,14,14,14,14,14,14,14,14,14,14,14,38,38,14,38,38,38,38,38,38,38,38,38,38,38,38,38,38,38,38,38,38,38,38,14,38,14,14,14,14,38,38,38,38,14,14,38,38,38,38,38,14,38,38,38,38,38,38,38,38,38,14,14
0,10,10,10,10,10,10,10,10,16,10,10,16,16,14,16,16,14,10,14,16,16,16,16,16,16,16,16,16,16,16,16,16,10,16,10,14,10,10,10,10,10,16,16,10,16,16,16,16,16,16,16,16,16,16,16,16,16,16,16,16,16,16,16,16,16,16,16,16,16,10,16,16,16,16,16,16,16,16,16,16,16,16,16,16,16,16,16,16,16,16,16,16,16,16,16,16,16,16,16,16,16,16,16,16,16,16,16,16,16,16,16,16,16,16,16,16,16,16,16,16,16,16,16,16,16,16,16,16,16,16,16,16,16,16,16,16,16,16,16,16,16,16,16,16,16,16,16,16,16,16,16,16,16,16,16,16
0,12,12,12,12,12,12,12,12,12,12,12,12,13,12,12,12,12,12,12,12,12,12,12,12,12,12,12,12,12,12,12,12,12,12,12,12,12,12,12,12,12,12,12,12,12,12,12,12,12,12,12,12,12,12,12,12,12,12,12,12,12,12,12,12,12,12,12,12,12,12,12,12,12,12,12,12,12,12,12,12,12,12,12,12,12,12,12,12,12,12,12,12,12,12,12,12,12,12,12,12,12,12,12,12,12,12,12,12,12,12,12,12,12,12,12,12,12,12,12,12,12,12,12,12,12,12,12,12,12,12,12,12,12,12,12,12,12,12,12,12,12,12,12,12,12,12,12,12,12,12,12,12,12,12,12,12
0,19,19,19,19,19,19,19,19,19,19,19,19,19,19,19,19,19,19,19,19,19,19,19,19,19,19,19,19,19,19,19,19,19,19,19,19,19,19,19,19,19,19,19,19,19,19,19,19,19,19,19,19,19,19,19,19,19,19,19,19,19,19,19,19,19,19,19,19,19,19,19,19,19,19,19,19,19,19,19,19,19,19,19,19,19,19,19,19,19,19,19,19,19,19,19,19,19,19,19,19,19,19,19,19,19,19,19,19,19,19,19,19,19,19,19,19,19,19,19,19,19,19,19,19,19,19,19,19,19,19,19,19,19,19,19,19,19,19,19,19,19,19,19,19,19,19,19,19,19,19,19,19,19,19,19,19
0,17,17,17,17,17,17,17,13,17,13,17,13,13,13,17,17,17,13,17,20,20,20,20,20,20,20,20,20,20,20,20,17,20,17,13,17,13,17,17,17,17,20,20,17,20,20,20,20,20,20,20,20,20,20,20,20,20,20,20,20,20,20,20,20,20,20,20,20,20,17,20,20,20,20,20,20,20,20,20,20,20,20,20,20,20,20,20,20,20,20,20,20,20,20,20,20,20,20,20,20,20,20,20,20,20,20,20,20,20,20,20,20,20,20,20,20,20,20,20,20,20,20,20,20,20,20,20,20,20,20,20,20,20,20,20,20,20,20,20,20,20,20,20,20,20,20,20,20,20,20,20,20,20,20,20,20
0,20,20,20,20,20,20,20,15,20,15,20,15,15,15,15,16,15,20,15,20,20,20,20,20,20,20,20,20,20,20,20,20,20,20,20,15,20,15,15,15,15,20,20,15,20,20,20,20,20,20,20,20,20,20,20,20,20,20,20,20,20,20,20,20,20,20,20,20,20,15,20,20,20,20,20,20,20,20,20,20,20,20,20,20,20,20,20,20,20,20,20,20,20,20,20,20,20,20,20,20,20,20,20,20,20,20,20,20,20,20,20,20,20,20,20,20,20,20,20,20,20,20,20,20,20,20,20,20,20,20,20,20,20,20,20,20,20,20,20,20,20,20,20,20,20,20,20,20,20,20,20,20,20,20,20,20
0,19,19,19,19,19,19,19,19,19,19,19,19,19,19,19,19,19,19,19,19,19,19,19,19,19,19,19,19,19,19,19,19,19,19,19,36,19,36,36,36,36,19,19,36,19,19,19,19,19,19,19,36,19,19,19,19,36,19,19,19,19,19,36,36,36,36,36,36,19,36,36,36,36,36,36,36,36,36,36,36,36,36,36,19,19,19,19,19,19,19,19,19,19,19,19,19,19,19,19,19,19,19,19,19,36,19,19,19,36,19,36,19,36,19,36,36,19,19,19,19,36,19,36,19,36,19,36,19,36,19,19,19,19,36,36,36,19,19,19,19,19,19,19,19,19,19,36,19,36,19,36,19,36,19,19,19
0,15,15,15,15,15,15,15,15,15,15,15,15,15,15,15,15,15,18,15,15,15,15,15,15,15,15,15,15,15,15,15,15,15,15,15,15,15,15,15,15,15,15,15,15,15,15,15,15,15,15,15,15,15,15,15,15,15,15,15,15,15,15,15,15,15,15,15,15,15,15,15,15,15,15,15,15,15,15,15,15,15,15,15,15,15,15,15,15,15,15,15,15,15,15,15,15,15,15,15,15,15,15,15,15,15,15,15,15,15,15,15,15,15,15,15,15,15,15,15,15,15,15,15,15,15,15,15,15,15,15,15,15,15,15,15,15,15,15,15,15,15,15,15,15,15,15,15,15,15,15,15,15,15,15,15,15
0,32,32,32,32,32,32,32,32,32,32,32,32,16,32,16,16,17,32,17,16,16,16,16,16,16,16,16,32,16,16,32,32,16,32,32,17,32,17,17,17,17,16,16,17,16,16,16,16,16,16,16,16,16,16,16,16,17,16,16,16,16,16,17,17,17,17,17,17,16,17,17,17,17,17,17,17,17,17,17,17,17,17,17,16,16,16,16,16,16,16,16,16,16,16,16,16,16,16,16,16,16,16,16,16,17,16,16,16,17,16,17,16,17,16,17,16,16,16,16,16,17,16,17,16,17,16,17,16,17,16,16,16,16,17,17,17,16,16,16,16,16,16,16,16,16,16,17,16,17,16,17,16,17,16,16,16
0,22,22,22,22,22,22,22,22,22,22,22,22,22,22,22,22,22,22,22,26,26,22,26,26,26,26,22,26,26,26,26,22,26,22,22,22,22,22,22,22,22,26,26,22,26,26,26,26,26,26,26,26,26,26,26,26,26,26,26,26,26,26,22,22,22,22,26,22,26,22,22,22,22,22,22,22,22,22,22,22,22,22,22,22,26,26,22,26,22,26,26,26,26,22,22,22,26,26,26,26,26,26,26,26,22,26,22,22,22,26,22,26,22,26,22,26,26,26,26,26,22,26,22,26,22,26,22,26,22,26,26,26,22,22,22,22,26,26,22,26,26,26,26,26,22,26,22,26,22,26,22,26,22,26,26,26
0,23,23,23,23,23,23,23,23,23,23,23,23,23,23,23,23,23,23,23,23,21,23,23,23,23,23,23,23,23,23,23,23,23,23,23,23,23,23,23,23,23,23,23,23,23,23,23,23,23,23,23,23,23,23,23,23,23,23,23,23,23,23,23,23,23,23,23,23,23,23,23,23,23,23,23,23,23,23,23,23,23,23,23,23,23,23,23,23,23,23,23,23,23,23,23,23,23,23,23,23,23,23,23,23,23,23,23,23,23,23,23,23,23,23,23,23,23,23,23,23,23,23,23,23,23,23,23,23,23,23,23,23,23,23,23,23,23,23,23,23,23,23,23,23,23,23,23,23,23,23,23,23,23,23,23,23
0,27,27,27,27,27,27,27,27,27,27,27,27,27,27,27,27,27,27,27,27,27,22,27,27,27,27,27,27,27,27,27,27,27,27,27,27,27,27,27,27,27,27,27,27,84,27,27,27,84,84,84,84,84,84,84,27,84,84,84,84,27,27,27,27,27,27,27,27,27,27,27,27,27,27,27,27,27,27,27,27,27,27,27,84,27,84,84,27,84,84,84,27,84,84,84,84,27,27,27,27,27,27,27,27,27,27,84,84,27,27,27,27,27,27,27,27,27,27,27,27,27,27,27,27,27,27,27,27,27,84,27,27,27,27,27,27,27,84,84,27,27,27,27,27,84,27,27,27,27,27,27,27,27,27,84,84
0,30,30,30,30,30,30,30,30,30,30,30,30,30,30,30,30,30,30,30,132,132,132,132,131,132,132,131,131,132,30,132,30,30,30,30,30,30,30,30,30,30,132,132,30,132,132,132,132,132,132,132,132,132,132,132,132,132,132,132,132,132,132,131,131,131,131,131,131,132,30,131,131,131,131,131,131,131,131,131,131,131,131,131,84,132,132,84,132,84,132,132,132,132,84,84,84,131,131,131,131,131,131,131,131,131,131,84,84,131,132,131,132,131,131,131,131,131,131,131,131,131,131,131,131,131,131,131,131,131,131,131,132,131,131,131,131,131,132,84,132,132,132,132,132,84,132,131,131,131,131,131,131,131,132,132,132
0,131,131,131,131,131,131,131,131,131,131,131,131,131,131,131,131,131,131,131,131,131,131,131,131,131,131,131,28,131,131,131,131,131,131,131,131,131,131,133,131,133,133,133,133,133,133,133,133,133,133,133,133,133,133,133,133,133,133,133,133,133,133,133,133,133,133,133,133,133,131,133,133,133,133,133,133,133,133,133,133,133,133,133,131,133,133,131,133,131,133,133,133,133,133,131,133,97,97,97,97,97,97,97,97,133,133,131,133,133,133,133,133,133,133,133,133,133,133,133,133,133,133,133,133,133,133,133,131,133,131,131,133,133,133,133,133,133,133,131,133,133,133,133,133,133,133,133,133,133,133,133,133,133,133,133,133
0,27,27,27,27,27,27,27,27,27,27,27,27,27,27,27,27,27,27,27,27,21,27,21,27,27,27,27,27,27,21,27,27,21,27,27,27,27,27,27,27,27,21,21,27,21,21,21,21,21,21,27,21,27,21,27,21,27,27,21,27,27,27,27,27,27,27,27,27,27,27,27,27,27,27,27,27,27,27,27,27,27,27,27,27,27,21,27,27,27,21,21,27,21,27,27,27,27,27,27,27,27,27,27,27,27,27,27,27,27,27,27,27,27,27,27,27,27,27,27,27,27,27,27,27,27,27,27,21,27,21,21,21,27,27,27,27,27,21,27,27,27,27,27,27,27,27,27,27,27,27,27,27,27,27,21,21
0,23,23,23,23,23,23,23,23,23,23,23,23,23,23,23,23,23,23,23,132,132,132,23,132,132,26,23,132,132,23,132,23,23,23,23,23,23,23,132,23,132,132,132,132,132,132,132,132,132,132,132,132,132,132,132,132,132,132,132,132,132,132,23,23,23,23,132,23,132,23,23,23,23,23,23,23,23,23,23,23,23,132,23,132,132,132,132,132,132,132,132,98,132,132,132,132,132,98,132,132,98,98,132,98,23,98,132,98,23,132,23,132,98,98,132,98,98,98,98,98,23,98,23,98,23,98,23,23,23,23,23,132,23,23,23,23,98,132,132,132,132,132,132,132,132,132,23,98,98,98,98,98,98,132,132,132
0,32,32,32,32,32,32,32,32,32,32,32,32,32,32,32,32,32,32,32,29,25,29,25,29,25,29,25,29,29,25,29,32,25,32,32,32,32,32,32,32,32,29,29,32,133,29,29,133,29,29,133,133,133,133,133,133,133,133,133,133,133,133,133,133,133,133,133,133,133,32,133,133,133,133,133,133,133,133,133,133,133,133,133,29,133,133,29,133,29,29,29,133,29,29,29,29,29,29,29,29,29,29,29,29,133,133,29,29,133,133,133,133,133,133,133,133,133,133,133,133,133,133,133,133,133,133,133,25,133,29,25,29,133,133,133,133,133,133,29,133,133,133,133,133,29,133,133,133,133,133,133,133,133,133,29,133
0,133,133,133,133,133,133,133,133,133,133,133,133,133,133,133,133,133,133,133,133,133,133,133,133,133,133,133,28,133,133,133,133,133,133,133,133,133,133,133,133,133,133,133,133,133,133,133,133,133,133,133,133,133,133,133,133,133,133,133,133,133,133,133,133,133,133,133,133,133,133,133,133,133,133,133,133,133,133,133,133,133,133,133,133,133,133,133,133,133,133,133,133,133,133,133,133,133,133,133,133,133,133,133,133,133,133,133,133,133,133,133,133,133,133,133,133,133,133,133,133,133,133,133,133,133,133,133,133,133,133,133,133,133,133,133,133,133,133,133,133,133,133,133,133,133,133,133,133,133,133,133,133,133,133,133,133
0,24,24,24,24,24,24,24,24,24,24,24,24,24,24,24,24,24,24,24,31,31,31,31,24,31,31,24,31,31,31,31,24,31,24,24,24,24,24,24,24,24,31,31,24,31,31,31,31,84,84,84,84,84,31,84,31,84,84,31,84,84,31,24,24,24,24,24,24,24,24,24,24,24,24,24,24,24,24,24,24,24,24,24,84,84,84,84,84,84,84,84,24,84,84,84,84,24,31,24,24,24,31,24,31,24,24,84,84,24,24,24,24,24,24,24,24,24,24,24,24,24,24,24,24,24,24,24,24,24,84,24,31,24,24,24,24,24,84,84,84,84,84,84,84,84,84,24,24,24,24,24,24,24,84,84,84
0,32,32,32,32,32,32,32,32,32,32,32,32,32,32,32,32,32,32,32,32,32,32,32,32,32,32,32,32,32,30,32,32,33,32,32,32,32,32,32,32,32,32,32,32,32,32,32,32,32,32,32,32,32,32,32,32,32,32,32,32,32,32,32,32,32,32,32,32,32,32,32,32,32,32,32,32,32,32,32,32,32,32,32,32,32,32,32,32,32,32,32,32,32,32,32,32,32,32,32,32,32,32,32,32,32,32,32,32,32,32,32,32,32,32,32,32,32,32,32,32,32,32,32,32,32,32,32,32,32,32,32,32,32,32,32,32,32,32,32,32,32,32,32,32,32,32,32,32,32,32,32,32,32,32,32,32
0,20,20,20,20,20,20,20,20,20,20,20,20,20,20,20,20,20,20,20,20,20,20,20,20,20,20,20,28,20,20,31,20,20,20,20,20,20,20,28,20,28,20,20,28,20,20,20,20,20,20,20,20,20,20,20,20,20,20,20,20,28,20,28,28,28,28,28,28,28,20,28,28,28,28,28,28,28,28,28,28,28,28,28,20,28,20,20,28,20,20,20,28,20,20,20,20,20,20,20,20,20,20,20,20,28,28,20,28,28,28,28,28,28,28,28,28,28,28,28,28,28,28,28,28,28,28,28,20,28,20,20,20,28,28,28,28,28,20,20,28,28,28,28,28,20,28,28,28,28,28,28,28,28,28,20,20
0,9,9,9,9,9,9,9,34,9,34,34,34,9,34,34,34,34,34,34,31,31,31,31,31,31,31,31,31,31,31,31,34,34,34,34,34,34,34,34,34,34,31,31,34,31,31,31,31,31,31,31,34,31,34,31,31,34,31,34,31,31,34,31,31,31,31,31,31,31,34,31,31,31,31,31,31,31,31,31,31,31,31,31,31,31,31,31,31,31,31,31,31,31,31,31,31,31,31,31,31,31,31,31,31,31,31,31,31,31,31,31,31,31,31,31,31,31,31,31,31,31,31,31,31,31,31,31,31,31,31,31,31,31,31,31,31,31,31,31,31,31,31,31,31,31,31,31,31,31,31,31,31,31,31,31,31
0,0,0,0,0,0,0,0,0,0,0,0,0,0,0,0,0,0,0,0,0,0,0,0,0,0,0,0,0,0,0,0,0,33,0,0,0,0,0,0,0,0,0,0,0,0,0,0,0,0,0,0,0,0,0,0,0,0,0,0,0,0,0,0,0,0,0,0,0,0,0,0,0,0,0,0,0,0,0,0,0,0,0,0,0,0,0,0,0,0,0,0,0,0,0,0,0,0,0,0,0,0,0,0,0,0,0,0,0,0,0,0,0,0,0,0,0,0,0,0,0,0,0,0,0,0,0,0,0,0,0,0,0,0,0,0,0,0,0,0,0,0,0,0,0,0,0,0,0,0,0,0,0,0,0,0,0
0,12,12,12,12,12,12,12,12,11,12,11,12,11,11,11,12,11,11,11,12,12,12,12,12,12,12,12,12,12,12,12,11,12,11,11,11,11,11,11,40,11,12,12,11,12,12,12,12,12,12,12,11,12,11,12,12,11,11,11,11,11,11,11,11,11,11,11,11,11,11,11,11,11,11,11,11,11,11,11,11,11,11,11,12,12,12,12,12,12,12,12,11,12,12,12,12,12,12,12,12,12,12,12,12,11,11,12,12,11,11,11,11,11,11,11,11,11,11,11,11,11,11,11,11,11,11,11,12,11,12,12,12,12,11,11,11,11,12,12,12,12,12,12,11,12,11,11,11,11,11,11,11,11,11,12,12
0,37,37,37,37,37,37,37,37,18,37,18,37,18,37,18,37,18,18,18,18,18,18,18,18,18,18,18,18,18,18,18,18,18,18,37,37,37,38,38,38,38,18,38,38,38,18,18,18,18,18,38,38,38,38,38,18,38,38,38,38,38,38,38,38,38,38,38,38,38,38,38,38,38,38,38,38,38,38,38,38,38,38,38,18,38,18,18,38,18,18,18,38,18,18,18,18,18,18,18,18,18,18,18,18,38,38,18,38,38,38,38,38,38,38,38,38,38,38,38,38,38,38,38,38,38,38,38,18,38,18,18,18,18,38,38,38,38,18,18,38,38,38,38,38,18,38,38,38,38,38,38,38,38,38,18,18
0,38,38,38,38,38,38,38,38,38,38,38,38,38,38,38,38,38,38,38,38,38,38,38,38,38,38,38,38,38,38,38,38,38,38,38,36,38,38,38,38,38,38,38,38,38,38,38,38,38,38,38,38,38,38,38,38,38,38,38,38,38,38,38,38,38,38,38,38,38,38,38,38,38,38,38,38,38,38,38,38,38,38,38,38,38,38,38,38,38,38,38,38,38,38,38,38,38,38,38,38,38,38,38,38,38,38,38,38,38,38,38,38,38,38,38,38,38,38,38,38,38,38,38,38,38,38,38,38,38,38,38,38,38,38,38,38,38,38,38,38,38,38,38,38,38,38,38,38,38,38,38,38,38,38,38,38
0,12,12,12,12,12,12,12,12,12,12,12,12,12,12,12,12,12,12,12,12,12,12,12,12,12,12,12,12,12,12,12,12,12,12,12,36,37,36,70,36,70,12,70,70,70,12,12,12,12,12,70,70,70,70,70,12,70,70,70,70,70,70,70,70,70,70,70,70,70,70,36,70,70,70,70,70,70,70,70,70,70,70,70,12,70,12,12,70,12,12,12,70,12,12,12,12,12,12,12,12,12,12,12,12,70,70,12,70,70,70,70,70,70,70,70,70,70,70,70,70,70,70,70,70,70,70,70,12,70,12,12,12,12,36,70,70,70,12,12,70,70,70,70,70,12,70,70,70,70,70,70,70,70,70,12,12
0,70,70,70,70,70,70,70,70,70,70,70,70,70,70,70,70,70,70,70,70,70,70,70,70,70,70,70,70,70,70,70,70,70,70,70,70,70,70,70,40,70,70,70,70,70,70,70,70,70,70,70,70,70,70,70,70,70,70,70,70,70,70,70,70,70,70,70,70,70,70,71,70,70,70,70,70,70,70,70,70,70,70,70,70,70,70,70,70,70,70,70,70,70,70,70,70,70,70,70,70,70,70,70,70,70,70,70,70,70,70,70,70,70,70,70,70,70,70,70,70,70,70,70,70,70,70,70,70,70,70,70,70,70,71,70,70,70,70,70,70,70,70,70,70,70,70,70,70,70,70,70,70,70,70,70,70
0,35,35,35,35,35,35,35,35,35,35,35,35,35,35,35,35,35,35,35,35,35,35,35,35,35,35,35,35,35,35,35,35,35,35,35,35,35,35,39,35,41,41,41,41,41,41,41,41,41,41,41,41,41,41,41,41,41,41,41,41,41,41,41,41,41,41,41,41,41,35,41,41,41,41,41,41,41,41,41,41,41,41,41,35,41,41,35,41,35,41,41,41,41,41,41,41,35,35,35,35,35,35,35,35,41,41,35,41,41,41,41,41,41,41,41,41,41,41,41,41,41,41,41,41,41,41,41,35,41,35,35,35,41,41,41,41,41,41,35,41,41,41,41,41,41,41,41,41,41,41,41,41,41,41,41,41
0,0,0,0,0,0,0,0,0,0,0,0,0,0,0,0,0,0,0,0,0,0,0,0,0,0,0,0,0,0,0,0,0,0,0,0,0,0,0,0,40,0,0,0,0,0,0,0,0,0,0,0,0,0,0,0,0,0,0,0,0,0,0,0,0,0,0,0,0,0,0,0,0,0,0,0,0,0,0,0,0,0,0,0,0,0,0,0,0,0,0,0,0,0,0,0,0,0,0,0,0,0,0,0,0,0,0,0,0,0,0,0,0,0,0,0,0,0,0,0,0,0,0,0,0,0,0,0,0,0,0,0,0,0,0,0,0,0,0,0,0,0,0,0,0,0,0,0,0,0,0,0,0,0,0,0,0
0,133,133,133,133,133,133,133,44,133,44,133,44,44,44,44,44,44,44,44,44,133,44,133,44,133,44,133,133,133,133,133,133,133,133,44,44,44,44,44,44,44,43,43,44,43,44,43,44,43,44,43,44,43,44,44,44,44,44,44,44,44,44,133,44,133,44,44,44,44,44,133,133,133,133,133,133,133,133,133,133,133,44,133,44,44,44,44,44,44,44,44,133,44,133,44,133,133,44,133,133,133,44,133,44,133,133,44,133,133,44,133,44,44,44,44,44,133,133,44,44,133,44,133,44,133,44,133,133,133,44,44,133,133,133,133,133,133,44,44,44,44,44,44,44,44,44,133,44,44,44,44,44,44,44,44,44
0,47,47,47,47,47,47,47,46,47,46,47,46,46,46,46,46,46,46,46,46,47,46,47,47,47,46,47,47,47,47,47,47,47,47,46,46,46,46,46,46,46,42,46,46,46,46,47,46,47,46,47,46,47,46,47,46,47,47,46,47,47,46,47,46,47,46,46,46,46,46,47,47,47,47,47,47,47,47,47,47,47,46,46,46,47,47,46,47,47,47,47,46,47,46,47,46,47,47,47,47,47,47,47,47,47,47,47,47,47,47,47,47,47,47,46,46,46,46,46,46,47,46,47,46,47,46,47,47,47,47,47,47,47,47,47,47,47,47,47,47,47,47,47,47,47,47,47,46,47,46,47,46,47,47,47,47
0,42,42,42,42,42,42,42,42,42,42,42,42,42,42,42,42,42,42,42,42,42,42,42,42,42,42,42,42,42,42,42,42,42,42,42,42,42,42,42,42,42,42,45,42,45,42,42,42,42,42,42,42,42,42,42,42,42,42,42,42,42,42,42,42,42,42,42,42,42,42,42,42,42,42,42,42,42,42,42,42,42,42,42,42,42,42,42,42,42,42,42,42,42,42,42,42,42,42,42,42,42,42,42,42,42,42,42,42,42,42,42,42,42,42,42,42,42,42,42,42,42,42,42,42,42,42,42,42,42,42,42,42,42,42,42,42,42,42,42,42,42,42,42,42,42,42,42,42,42,42,42,42,42,42,42,42
0,57,57,57,57,57,57,57,57,57,57,57,57,57,57,57,57,57,57,57,57,46,57,57,46,46,57,57,46,57,57,57,57,57,57,57,57,57,57,57,57,57,46,46,44,57,46,46,46,58,46,58,57,58,57,58,46,57,58,57,58,58,57,58,57,58,57,57,57,57,57,57,57,57,57,58,57,58,57,58,57,58,57,57,57,58,58,57,58,57,46,58,46,46,46,46,46,46,57,46,46,46,57,46,57,58,57,57,58,58,58,58,58,58,58,57,57,57,57,57,57,58,57,58,57,58,57,58,58,58,46,46,57,57,57,57,58,57,58,57,58,58,58,58,58,46,58,57,57,58,57,58,57,58,58,46,58
0,43,43,43,43,43,43,43,43,43,43,43,43,43,43,43,43,43,43,43,43,43,43,43,43,43,43,43,43,43,43,43,43,43,43,43,43,43,43,43,43,43,43,43,43,45,43,43,43,43,43,43,43,43,43,43,43,43,43,43,43,43,43,43,43,43,43,43,43,43,43,43,43,43,43,43,43,43,43,43,43,43,43,43,43,43,43,43,43,43,43,43,43,43,43,43,43,43,43,43,43,43,43,43,43,43,43,43,43,43,43,43,43,43,43,43,43,43,43,43,43,43,43,43,43,43,43,43,43,43,43,43,43,43,43,43,43,43,43,43,43,43,43,43,43,43,43,43,43,43,43,43,43,43,43,43,43
0,48,48,48,48,48,48,48,48,48,48,48,48,48,48,48,48,48,48,48,48,48,48,48,48,48,48,48,48,48,48,48,48,48,48,48,48,48,48,48,48,48,43,43,48,43,43,43,48,43,48,43,48,43,48,48,48,48,48,48,48,48,48,48,48,48,48,48,48,48,48,48,48,48,48,48,48,48,48,48,48,48,48,48,48,48,48,48,48,48,48,43,48,48,48,48,48,48,48,48,48,48,48,48,48,48,48,48,48,48,48,48,48,48,48,48,48,48,48,48,48,48,48,48,48,48,48,48,48,48,48,48,48,48,48,48,48,48,48,48,48,48,48,48,48,48,48,48,48,48,48,48,48,48,48,48,48
0,93,93,93,93,93,93,93,49,93,49,93,49,49,93,49,49,49,49,49,49,93,49,93,93,93,49,93,93,93,93,93,93,93,93,49,49,49,49,49,49,49,49,49,49,49,49,47,93,49,93,49,49,49,49,49,93,49,49,49,49,49,49,49,49,49,49,49,49,49,49,93,93,93,93,49,93,49,93,49,93,49,49,49,49,49,49,93,49,93,93,49,93,93,93,93,93,93,93,93,93,93,93,93,93,49,93,49,49,49,49,49,49,49,49,49,49,49,49,49,49,49,49,49,49,49,49,49,49,49,93,93,93,93,93,93,49,93,49,49,49,49,49,49,49,93,49,93,49,49,49,49,49,49,49,93,49
0,93,93,93,93,93,93,93,56,93,56,93,56,56,56,56,56,56,56,56,56,93,56,93,93,93,56,93,93,93,93,93,93,93,93,56,56,56,56,56,56,56,56,56,56,56,56,56,48,50,50,50,50,50,56,56,56,56,56,56,56,56,56,56,56,56,56,50,56,56,56,93,93,93,93,56,93,56,93,56,93,56,56,56,50,50,50,50,50,93,93,56,50,93,50,93,50,93,93,93,93,93,93,93,93,56,93,50,50,56,56,56,56,56,56,56,56,56,56,56,56,56,56,56,56,56,56,56,50,56,93,93,56,93,93,93,56,93,50,50,50,50,50,50,56,93,56,93,56,56,56,56,56,56,56,93,56
0,91,91,91,91,91,91,91,51,91,51,91,51,51,91,51,51,51,51,51,51,91,51,91,91,91,51,91,91,91,91,91,91,91,91,51,51,51,51,51,51,51,51,51,51,51,51,51,51,49,51,51,51,51,51,51,51,51,51,51,51,51,51,51,51,51,51,51,51,51,51,91,91,91,91,51,91,51,91,51,91,51,51,51,51,91,91,91,91,91,51,91,91,51,91,91,91,91,91,91,91,91,91,91,91,51,91,91,91,51,51,51,51,51,51,51,51,51,51,51,51,51,51,51,51,51,51,51,91,51,91,91,51,91,91,91,51,91,91,91,91,91,91,91,51,51,51,91,51,51,51,51,51,51,51,91,91
0,92,92,92,92,92,92,92,52,92,52,92,52,52,92,52,52,52,52,52,52,92,52,92,138,92,52,92,138,92,92,92,92,92,92,52,52,52,52,52,52,52,92,92,52,92,92,92,92,92,50,92,52,92,92,92,92,92,92,92,92,92,92,138,92,138,92,52,92,52,52,138,138,138,138,138,138,138,138,138,138,138,92,138,52,138,138,92,138,92,92,92,92,92,92,138,92,138,138,138,138,138,138,138,138,138,138,52,138,138,92,138,92,92,92,92,92,92,92,92,92,92,92,92,92,92,92,138,138,138,138,138,92,138,138,138,138,138,138,138,138,138,138,138,138,92,138,138,92,92,92,92,92,92,92,92,92
0,53,53,53,53,53,53,53,53,58,53,58,53,53,53,53,53,53,53,53,53,58,53,53,58,58,53,58,58,58,53,58,58,53,58,53,53,53,53,53,53,53,53,53,53,53,53,53,53,53,58,51,53,53,53,53,53,53,58,53,58,58,53,58,53,58,53,53,53,53,53,53,53,53,53,58,53,58,53,58,53,58,53,53,53,58,58,53,58,58,58,58,58,53,58,58,58,58,53,58,58,58,53,58,53,58,53,53,58,58,58,58,58,58,58,53,53,53,53,53,53,58,53,58,53,58,53,58,58,58,58,58,58,53,53,53,58,53,58,53,58,58,58,58,58,58,58,53,53,58,53,58,53,58,58,58,58
0,67,67,67,67,67,67,67,67,67,67,67,67,67,67,67,67,67,67,67,67,84,67,67,84,84,67,67,84,67,67,67,67,67,67,67,67,67,67,67,67,67,67,67,67,67,67,67,67,84,84,84,52,84,67,67,67,67,67,67,67,67,67,67,67,67,67,67,67,67,67,67,67,67,67,67,67,67,67,67,67,67,67,67,84,84,84,84,84,84,84,84,84,84,84,84,84,84,67,84,84,84,67,84,67,67,67,84,84,67,67,67,67,67,67,67,67,67,67,67,67,67,67,67,67,67,67,67,84,67,84,84,67,67,67,67,67,67,84,84,84,84,84,84,67,84,67,67,67,67,67,67,67,67,67,84,67
0,57,57,57,57,57,57,57,57,57,57,57,57,57,57,57,57,57,57,57,57,58,57,57,58,58,57,58,58,58,57,58,57,57,57,57,57,57,57,57,57,57,45,45,57,45,45,45,45,55,58,55,57,55,57,55,45,57,58,57,58,58,57,58,57,58,57,57,57,57,57,57,57,57,57,58,57,58,57,58,57,58,57,57,57,58,58,57,58,58,58,58,58,45,58,58,58,58,57,58,58,58,57,58,57,58,57,57,58,58,58,58,58,58,58,57,57,57,57,57,57,58,57,58,57,58,57,58,58,58,58,58,58,57,57,57,58,57,58,57,58,58,58,58,58,58,58,57,57,58,57,58,57,58,58,58,58
0,69,69,69,69,69,69,69,69,69,69,69,69,69,69,69,69,69,69,69,69,69,69,69,59,69,69,69,59,69,69,69,69,69,69,69,69,69,69,69,69,69,69,69,69,69,69,69,69,59,59,59,69,59,54,59,69,69,59,59,59,59,59,59,59,59,59,59,59,69,69,69,69,69,69,59,69,59,69,59,59,59,59,59,59,59,59,59,59,59,59,59,59,69,59,59,59,59,69,59,59,59,69,59,69,59,59,59,59,59,59,59,59,59,59,59,59,59,59,59,59,59,59,59,59,59,59,59,59,59,59,69,69,69,69,69,59,59,59,59,59,59,59,59,59,59,59,69,59,59,59,59,59,59,59,59,59
0,57,57,57,57,57,57,57,57,57,57,57,57,57,57,57,57,57,57,57,57,49,57,57,49,49,57,57,49,57,57,57,57,57,57,57,57,57,57,57,57,57,57,57,57,57,57,57,57,49,57,49,57,49,57,49,57,57,49,57,57,57,57,57,57,57,57,57,57,57,57,57,57,57,57,57,57,57,57,57,57,57,57,57,57,49,49,57,49,57,57,49,57,57,57,49,57,49,57,49,49,49,57,49,57,57,57,57,49,57,57,57,57,57,57,57,57,57,57,57,57,57,57,57,57,57,57,57,49,57,49,49,57,57,57,57,57,57,49,57,49,49,49,49,57,57,57,57,57,57,57,57,57,57,57,49,49
0,54,54,54,54,54,54,54,54,54,54,54,54,54,54,54,54,54,54,54,54,58,54,54,58,58,54,54,58,54,54,54,54,54,54,54,54,54,54,54,54,54,45,45,54,45,45,45,45,58,58,58,58,58,54,58,56,58,58,54,58,58,54,58,54,58,54,58,54,54,54,54,54,54,54,58,54,58,54,58,54,58,54,54,58,58,58,58,58,58,58,58,58,45,58,58,58,58,54,58,58,58,54,58,54,58,54,58,58,58,58,58,58,58,58,54,54,54,54,54,54,58,54,58,54,58,54,58,58,58,58,54,54,54,54,54,58,54,58,58,58,58,58,58,58,58,58,54,54,58,54,58,54,58,58,58,58
0,54,54,54,54,54,54,54,54,54,54,54,54,54,54,54,54,54,54,54,54,52,54,54,52,52,54,54,52,54,54,54,54,54,54,54,54,54,54,54,54,54,45,45,54,45,45,45,45,45,54,54,52,54,54,54,45,57,54,54,54,54,54,54,54,54,54,52,54,54,54,54,54,54,54,54,54,54,54,54,54,54,54,54,52,54,54,52,54,52,54,54,54,45,52,52,52,52,54,52,52,52,54,52,54,54,54,52,54,54,54,54,54,54,54,54,54,54,54,54,54,54,54,54,54,54,54,54,54,54,52,52,54,54,54,54,54,54,54,52,54,54,54,54,54,54,54,54,54,54,54,54,54,54,54,54,54
0,55,55,55,55,55,55,55,55,61,55,61,55,55,55,55,55,55,55,55,55,61,55,55,61,61,55,61,61,60,55,60,61,55,61,55,55,55,55,55,55,55,55,55,55,55,55,55,61,55,61,61,55,61,55,55,61,55,61,55,60,61,55,61,55,61,55,55,55,55,55,55,55,55,55,61,55,61,55,61,55,61,55,60,55,61,61,55,61,61,61,61,61,61,61,61,61,61,61,61,61,61,61,61,61,61,55,55,61,60,60,60,60,60,60,55,55,55,55,55,55,60,55,60,55,60,55,60,61,60,61,61,60,55,55,55,61,55,61,61,61,61,61,61,61,61,61,55,55,60,55,60,55,60,61,61,61
0,61,61,61,61,61,61,61,62,61,62,61,62,62,62,62,62,62,62,62,62,61,62,61,61,61,62,61,61,61,61,61,61,61,61,62,62,62,62,62,62,62,61,61,62,61,61,61,61,61,61,61,61,61,61,61,61,61,61,59,61,61,62,61,62,61,62,62,62,62,62,61,61,61,61,61,61,61,62,61,62,61,62,62,62,61,61,62,61,61,61,61,61,61,61,61,61,61,61,61,61,61,61,61,61,61,62,62,61,61,61,61,61,62,62,62,62,62,62,62,62,61,62,61,62,61,62,61,61,61,61,61,61,61,61,61,61,62,61,61,61,61,61,61,61,61,61,61,62,62,62,62,62,62,61,61,61
0,110,110,110,110,110,110,110,110,110,110,110,110,110,110,110,110,110,110,110,110,110,110,110,110,110,110,110,110,110,110,110,110,110,110,110,110,110,110,110,110,110,110,59,110,59,110,110,59,59,59,59,59,59,59,59,59,59,59,59,60,59,59,110,59,110,59,110,59,110,110,110,110,110,110,59,110,59,59,59,59,59,59,110,59,59,59,59,59,59,59,59,59,59,59,59,110,110,110,110,110,110,110,110,110,59,59,59,59,110,110,110,110,110,110,59,59,59,59,59,59,110,59,110,59,110,59,110,59,110,59,110,110,110,110,110,59,59,59,59,59,59,59,59,59,59,59,110,59,110,59,110,59,110,59,59,59
0,154,154,154,154,154,154,154,154,154,154,154,154,154,154,154,154,154,154,154,154,154,154,154,154,154,154,154,154,154,154,154,154,154,154,154,154,154,154,154,154,154,154,154,154,154,154,154,154,154,154,154,154,154,154,154,154,154,154,60,60,154,60,154,60,154,60,154,60,154,154,154,154,154,154,154,154,154,154,154,60,154,60,154,154,154,154,154,154,154,154,154,154,154,154,154,154,154,154,154,154,154,154,154,154,154,60,154,154,154,60,154,60,60,60,60,60,60,60,60,60,60,60,60,60,60,60,154,154,154,154,154,154,154,154,154,154,60,154,154,154,154,154,154,154,154,154,154,60,60,60,60,60,60,154,154,154
0,82,82,82,82,82,82,82,82,64,82,64,82,82,82,82,82,82,82,82,82,64,82,82,64,64,82,64,64,82,82,82,64,82,64,82,82,82,82,82,82,82,64,64,82,64,82,64,82,64,154,154,64,64,64,64,82,64,64,64,64,64,82,82,64,82,64,82,64,82,82,82,82,82,82,154,82,154,82,154,82,154,82,82,64,154,154,64,154,64,154,154,82,64,64,64,64,64,82,64,64,64,82,64,82,154,82,64,154,82,82,82,82,82,82,82,82,82,82,82,82,82,82,82,82,82,82,82,154,82,64,64,82,82,82,82,154,82,154,64,154,154,154,154,154,154,154,82,82,82,82,82,82,82,154,154,154
0,65,65,65,65,65,65,65,65,65,65,65,65,65,65,65,65,65,65,65,65,82,65,65,82,82,65,65,82,82,65,82,65,65,65,65,65,65,65,65,65,65,65,65,65,82,65,65,82,82,82,82,82,82,82,82,82,82,82,82,82,82,82,63,82,65,82,65,82,65,65,65,65,65,65,65,65,65,82,65,82,65,82,82,82,82,82,82,82,82,82,82,82,82,82,82,82,82,65,82,82,82,65,82,65,65,82,82,82,82,82,82,82,82,82,82,82,82,82,82,82,82,82,82,82,82,82,82,82,82,82,82,82,65,65,65,65,82,82,82,82,82,82,82,82,82,82,65,82,82,82,82,82,82,82,82,82
0,66,66,66,66,66,66,66,66,66,66,66,66,66,66,66,66,66,66,66,66,66,66,66,66,66,66,66,66,66,66,66,66,66,66,66,66,66,66,66,66,66,66,66,66,66,66,66,66,66,66,66,66,66,66,66,66,66,66,66,66,66,66,66,64,66,66,66,66,66,66,66,66,66,66,66,66,66,66,66,66,66,66,66,66,66,66,66,66,66,66,66,66,66,66,66,66,66,66,66,66,66,66,66,66,66,66,66,66,66,66,66,66,66,66,66,66,66,66,66,66,66,66,66,66,66,66,66,66,66,66,66,66,66,66,66,66,66,66,66,66,66,66,66,66,66,66,66,66,66,66,66,66,66,66,66,66
0,67,67,67,67,67,67,67,67,67,67,67,67,67,67,67,67,67,67,67,67,67,67,67,67,67,67,67,67,67,67,67,67,67,67,67,67,67,67,67,67,67,67,67,67,67,67,67,67,67,67,67,67,67,67,67,67,67,67,67,67,67,67,67,67,65,67,67,67,67,67,67,67,67,67,67,67,67,67,67,67,67,67,67,67,67,67,67,67,67,67,67,67,67,67,67,67,67,67,67,67,67,67,67,67,67,67,67,67,67,67,67,67,67,67,67,67,67,67,67,67,67,67,67,67,67,67,67,67,67,67,67,67,67,67,67,67,67,67,67,67,67,67,67,67,67,67,67,67,67,67,67,67,67,67,67,67
0,84,84,84,84,84,84,84,68,84,68,84,68,68,84,68,68,68,68,68,68,84,68,84,84,84,68,84,84,84,84,84,84,84,84,68,68,68,68,68,68,68,53,53,68,53,53,53,53,68,84,68,68,53,68,68,53,68,53,68,53,53,68,53,68,53,68,68,68,68,68,84,84,84,84,53,84,53,84,53,84,53,68,68,84,53,53,84,53,84,84,53,84,84,84,84,84,84,84,84,84,84,84,84,84,53,84,84,84,53,53,53,53,53,53,68,68,68,68,68,68,53,68,53,68,53,68,53,84,53,84,84,84,84,84,84,53,84,53,84,53,53,53,53,53,84,53,84,68,53,68,53,68,53,53,84,53
0,69,69,69,69,69,69,69,69,69,69,69,69,69,69,69,69,69,69,69,69,69,69,69,69,69,69,69,69,69,69,69,69,69,69,69,69,69,69,69,69,69,69,69,69,69,69,69,69,69,69,69,69,69,69,69,69,69,69,69,69,69,69,69,69,69,69,67,69,69,69,69,69,69,69,69,69,69,69,69,69,69,69,69,69,69,69,69,69,69,69,69,69,69,69,69,69,69,69,69,69,69,69,69,69,69,69,69,69,69,69,69,69,69,69,69,69,69,69,69,69,69,69,69,69,69,69,69,69,69,69,69,69,69,69,69,69,69,69,69,69,69,69,69,69,69,69,69,69,69,69,69,69,69,69,69,69
0,55,55,55,55,55,55,55,55,55,55,55,55,55,55,55,55,55,55,55,55,55,55,55,55,55,55,55,55,55,55,55,55,55,55,55,55,55,55,55,55,55,55,55,55,55,55,55,55,55,55,55,55,55,55,55,55,55,55,55,55,55,55,55,55,55,55,55,68,55,55,55,55,55,55,55,55,55,55,55,55,55,55,55,55,55,55,55,55,55,55,55,55,55,55,55,55,55,55,55,55,55,55,55,55,55,55,55,55,55,55,55,55,55,55,55,55,55,55,55,55,55,55,55,55,55,55,55,55,55,55,55,55,55,55,55,55,55,55,55,55,55,55,55,55,55,55,55,55,55,55,55,55,55,55,55,55
0,39,39,39,39,39,39,39,39,39,39,39,39,39,39,39,39,39,39,39,39,39,39,39,39,39,39,39,39,39,39,39,39,39,39,39,39,39,38,39,38,39,39,39,39,39,39,39,39,39,39,39,39,39,39,39,39,39,39,39,39,39,39,38,39,38,39,39,39,39,38,39,38,38,39,38,38,38,38,38,38,38,39,38,39,39,39,39,39,39,39,39,38,39,38,39,38,39,39,39,39,39,39,39,39,38,38,39,38,38,39,38,39,39,39,39,39,38,38,39,39,38,39,38,39,38,39,38,39,38,39,39,39,39,39,38,38,38,39,39,39,39,39,39,39,39,39,38,39,39,39,39,39,39,39,39,39
0,39,39,39,39,39,39,39,39,39,39,39,39,39,39,39,39,39,39,39,39,73,39,39,73,73,39,39,73,73,39,73,39,39,39,39,39,39,39,39,39,39,39,39,39,39,39,39,39,73,39,73,39,73,39,39,39,39,39,39,39,39,39,73,73,73,73,73,73,39,39,72,72,73,72,73,73,73,73,73,73,73,73,73,73,73,73,73,73,73,73,73,73,39,73,73,73,73,39,73,73,73,39,73,39,73,73,73,73,73,73,73,73,73,73,73,73,73,73,73,73,73,73,73,73,73,73,73,73,73,73,39,73,39,72,73,73,73,73,73,73,73,73,73,39,73,39,73,73,73,73,73,73,73,39,73,39
0,134,134,134,134,134,134,134,134,134,134,134,134,134,134,134,134,134,134,134,134,134,134,134,134,134,134,134,134,134,134,134,134,134,134,134,134,134,134,134,134,134,134,134,134,134,134,134,134,134,134,134,134,134,134,134,134,134,134,134,134,134,134,134,134,134,134,134,134,134,134,71,134,134,134,134,134,134,134,134,134,134,134,134,134,134,134,134,134,134,134,134,134,134,134,134,134,134,134,134,134,134,134,134,134,134,134,134,134,134,134,134,134,134,134,134,134,134,134,134,134,134,134,134,134,134,134,134,134,134,134,134,134,134,134,134,134,134,134,134,134,134,134,134,134,134,134,134,134,134,134,134,134,134,134,134,134
0,135,135,135,135,135,135,135,135,135,135,135,135,135,135,135,135,135,135,135,74,135,74,135,135,135,74,135,74,74,135,74,135,135,135,135,135,135,135,135,135,135,74,135,135,135,74,74,135,135,135,135,135,135,135,135,135,135,135,135,135,135,135,71,71,71,71,71,71,135,135,71,135,71,74,71,135,71,135,71,135,71,71,71,135,135,135,135,135,135,135,135,135,135,135,135,135,74,74,74,74,74,74,74,74,71,135,135,135,74,135,74,135,135,135,135,135,135,135,135,135,74,135,74,135,74,135,74,135,74,135,135,74,135,71,135,71,135,135,135,135,135,135,135,135,135,135,74,135,135,135,135,135,135,135,135,135
0,75,75,75,75,75,75,75,75,75,75,75,75,75,75,75,75,75,75,75,75,75,75,75,75,75,75,75,75,75,75,75,75,75,75,75,75,75,75,75,75,75,75,135,75,135,75,75,135,135,135,135,135,135,135,135,135,135,135,135,135,75,75,75,75,75,75,75,75,75,75,75,75,73,75,75,135,75,135,75,135,75,75,75,135,135,135,75,135,75,135,135,135,135,135,75,135,75,75,75,75,75,75,75,75,75,135,75,135,75,135,75,135,75,135,75,75,135,135,135,135,135,135,135,135,135,135,75,135,75,75,75,75,75,75,135,75,135,75,135,135,135,135,135,75,135,75,135,135,75,135,75,135,75,75,135,75
0,147,147,147,147,147,147,147,147,147,147,147,147,147,147,147,147,147,147,147,147,147,147,147,147,147,147,147,147,147,147,147,147,147,147,147,147,147,147,147,147,147,147,147,147,147,147,147,147,147,147,147,147,147,147,147,147,147,147,147,147,147,147,147,147,147,147,147,147,147,147,147,147,147,74,147,147,147,147,147,147,147,147,147,147,147,147,147,147,147,147,147,147,147,147,147,147,147,147,147,147,147,147,147,147,147,147,147,147,147,147,147,147,147,147,147,147,147,147,147,147,147,147,147,147,147,147,147,147,147,147,147,147,147,147,147,147,147,147,147,147,147,147,147,147,147,147,147,147,147,147,147,147,147,147,147,147
0,77,77,77,77,77,77,77,77,77,77,77,77,136,77,136,77,136,136,77,77,77,77,77,77,77,77,77,77,77,77,77,77,77,77,136,136,136,136,136,136,136,77,77,136,136,77,77,77,77,77,77,136,136,136,136,77,136,136,77,77,77,77,136,136,136,136,136,136,136,136,77,77,77,77,77,77,77,136,77,136,136,136,136,136,136,136,136,136,136,77,77,77,136,136,136,77,77,77,77,77,77,77,77,77,136,136,136,136,77,136,77,136,77,136,136,136,136,136,136,136,77,136,77,136,77,136,77,136,77,136,77,77,77,77,77,136,136,136,136,136,136,136,136,77,136,77,77,136,77,136,77,136,77,77,77,77
0,78,78,78,78,78,78,78,78,78,78,78,78,78,78,78,78,78,78,78,78,78,78,78,78,78,78,78,78,78,78,78,78,78,78,78,78,78,78,78,78,78,78,78,78,78,78,78,78,78,78,78,78,78,78,78,78,78,78,78,78,78,78,78,78,78,78,78,78,78,78,78,78,78,78,78,76,78,78,78,78,78,78,78,78,78,78,78,78,78,78,78,78,78,78,78,78,78,78,78,78,78,78,78,78,78,78,78,78,78,78,78,78,78,78,78,78,78,78,78,78,78,78,78,78,78,78,78,78,78,78,78,78,78,78,78,78,78,78,78,78,78,78,78,78,78,78,78,78,78,78,78,78,78,78,78,78
0,79,79,79,79,79,79,79,79,79,79,79,79,79,79,79,79,79,79,79,79,79,79,79,79,79,79,79,79,79,79,79,79,79,79,79,79,79,79,79,79,79,79,79,79,79,79,79,79,79,79,79,79,79,79,79,79,79,79,79,79,79,79,79,79,79,79,79,79,79,79,79,79,79,79,79,79,77,79,79,79,79,79,79,79,79,79,79,79,79,79,79,79,79,79,79,79,79,79,79,79,79,79,79,79,79,79,79,79,79,79,79,79,79,79,79,79,79,79,79,79,79,79,123,79,123,79,79,79,79,79,79,79,79,79,79,79,79,79,79,79,79,79,79,79,79,79,79,79,79,79,79,79,79,79,79,79
0,80,80,80,80,80,80,80,80,80,80,80,80,80,80,80,80,80,80,80,80,80,80,80,80,80,80,80,80,80,80,80,80,80,80,80,80,80,80,80,80,80,80,80,80,80,80,80,80,80,80,80,80,80,80,80,80,80,80,80,80,80,80,80,80,80,80,80,80,80,80,80,80,80,80,80,80,80,78,80,80,80,80,80,80,80,80,80,80,80,80,80,80,80,80,80,80,80,80,80,80,80,80,80,80,80,80,80,80,80,80,80,80,80,80,80,80,80,80,80,80,80,80,80,80,80,80,80,80,80,80,80,80,80,80,80,80,80,80,80,80,80,80,80,80,80,80,80,80,80,80,80,80,80,80,80,80
0,127,127,127,127,127,127,127,127,127,127,127,127,127,127,127,127,127,127,127,127,127,127,127,127,127,127,127,127,127,127,127,127,127,127,127,127,127,127,127,127,127,127,127,127,127,127,127,127,127,127,127,127,127,127,127,127,127,127,127,127,127,127,127,127,127,127,127,127,127,127,127,127,127,127,127,127,127,127,79,127,127,127,127,127,127,127,127,127,127,127,127,127,127,127,127,127,127,127,127,127,127,127,127,127,127,127,127,127,127,127,127,127,127,127,127,127,127,127,127,127,127,127,127,127,127,127,127,127,127,127,127,127,127,127,127,127,127,127,127,127,127,127,127,127,127,127,127,127,127,127,127,127,127,127,127,127
0,137,137,137,137,137,137,137,137,137,137,137,137,137,137,137,137,137,137,137,137,137,137,137,106,137,137,137,106,137,137,137,137,137,137,137,137,137,137,137,137,137,137,137,137,137,137,137,137,137,137,137,137,137,137,137,137,137,137,137,137,137,137,137,137,137,137,137,137,137,137,106,106,106,106,137,106,137,137,137,137,137,137,137,137,106,106,137,106,137,137,137,137,137,137,137,137,106,106,106,106,106,106,106,106,137,106,137,106,137,137,137,137,137,137,137,137,137,137,137,137,137,137,137,137,137,137,137,106,137,106,106,137,106,106,106,137,137,137,106,106,106,106,106,137,137,137,106,137,137,137,137,137,137,137,137,137
0,83,83,83,83,83,83,83,83,83,83,83,83,83,83,83,83,83,83,83,83,83,83,83,83,83,83,83,83,83,83,83,83,83,83,83,83,83,83,83,83,83,83,83,83,83,83,83,83,83,83,83,83,83,83,83,83,83,83,83,83,83,63,63,64,63,64,83,64,83,83,83,83,83,83,83,83,83,63,83,63,83,63,83,64,83,83,64,83,64,83,83,63,64,64,83,64,83,83,83,83,83,83,83,83,83,63,64,83,63,63,63,63,63,63,63,63,63,63,63,63,63,63,63,63,63,63,63,83,63,83,83,83,83,83,83,83,63,83,64,83,83,83,83,83,64,83,83,63,63,63,63,63,63,83,83,83
0,115,115,115,115,115,115,115,115,115,115,115,115,115,115,115,115,115,115,115,115,115,115,115,115,115,115,115,115,115,115,115,115,115,115,115,115,115,115,115,115,115,115,115,115,115,115,115,115,115,115,115,115,115,115,115,115,115,115,115,115,115,115,115,115,115,115,115,115,115,115,115,115,115,115,115,115,115,115,115,115,115,82,115,115,115,115,115,115,115,115,115,115,115,115,115,115,115,115,115,115,115,115,115,115,115,115,115,115,115,115,115,115,115,115,115,116,116,116,116,115,115,115,115,115,115,115,115,115,115,115,115,115,115,115,115,115,115,115,115,115,115,115,115,115,115,115,115,115,115,115,115,115,115,115,115,115
0,67,67,67,67,67,67,67,67,67,67,67,67,67,67,67,67,67,67,67,67,138,67,67,138,138,67,67,138,67,67,67,67,67,67,67,67,67,67,67,67,67,67,67,67,53,67,67,67,53,138,53,53,53,53,53,67,53,53,53,53,53,53,67,53,67,53,67,53,67,67,67,67,67,67,67,67,67,118,67,118,67,53,118,53,138,138,138,138,138,138,53,138,67,138,138,138,138,67,138,138,138,67,138,67,67,118,138,138,118,118,118,118,118,118,118,118,118,118,118,118,118,118,118,118,118,118,118,138,118,138,138,67,67,67,67,67,118,138,138,138,138,138,138,138,138,138,67,118,118,118,118,118,118,53,138,53
0,107,107,107,107,107,107,107,107,107,107,107,107,107,107,107,107,107,107,107,107,107,107,107,107,107,107,107,107,107,107,107,107,107,107,107,107,107,107,107,107,107,107,107,107,107,107,107,107,107,107,107,107,107,107,107,107,107,107,107,107,107,107,107,107,107,107,107,107,107,107,107,107,107,107,107,107,107,107,107,107,107,107,107,107,107,107,107,107,107,107,107,107,107,107,107,107,107,107,107,107,107,107,107,107,107,107,107,107,107,107,107,107,107,107,107,107,107,107,107,107,107,107,107,107,107,107,107,107,107,107,107,107,107,107,107,107,107,107,139,107,107,107,107,107,107,107,107,107,107,107,107,107,107,107,107,107
0,139,139,139,139,139,139,139,139,139,139,139,139,139,139,141,139,139,141,139,139,139,139,139,139,139,139,139,139,139,139,139,139,139,139,141,141,141,141,141,141,141,141,141,141,141,141,141,141,141,141,141,141,141,141,141,141,141,141,141,141,141,141,141,141,141,141,141,141,141,141,139,139,139,139,141,139,141,139,141,139,141,141,141,141,141,141,139,141,139,141,141,141,139,139,139,139,139,139,139,139,139,139,139,139,141,139,139,139,141,141,141,141,141,141,141,141,141,141,141,141,141,141,141,141,141,141,141,139,141,139,139,141,139,139,139,141,139,141,139,141,141,141,141,141,139,141,139,141,141,141,141,141,141,141,141,141
0,95,95,95,95,95,95,95,95,95,95,95,95,95,95,95,95,95,95,95,95,95,95,95,95,95,95,95,95,95,95,95,95,95,95,95,95,95,95,88,95,88,95,140,88,140,95,95,140,140,140,140,140,140,140,140,140,140,140,140,140,140,140,88,88,88,88,88,88,88,95,95,95,95,95,88,95,88,95,88,95,88,88,88,95,140,140,88,88,140,140,140,140,140,140,95,140,95,95,95,95,95,95,95,95,88,95,88,108,88,140,88,140,88,88,88,88,95,95,88,88,95,88,95,88,95,88,88,108,88,95,95,95,95,95,95,88,95,140,95,140,140,140,140,140,140,88,95,88,88,88,88,88,88,140,140,140
0,89,89,89,89,89,89,89,89,89,89,89,89,89,89,89,89,89,89,89,89,89,89,89,89,89,89,89,89,89,89,89,89,89,89,89,89,89,89,89,89,89,89,89,89,89,89,89,89,89,89,89,89,89,89,89,89,89,89,89,89,89,89,89,89,89,89,89,89,89,89,89,89,89,89,89,89,89,89,89,89,89,89,89,89,89,89,89,89,89,89,89,89,89,89,89,89,89,89,89,89,89,89,89,89,89,89,89,89,89,89,89,89,89,89,89,89,89,89,89,89,89,89,89,89,89,89,89,89,89,89,89,89,89,89,89,89,89,89,89,89,89,89,89,89,89,89,89,89,89,89,89,89,89,89,89,89
0,146,146,146,146,146,146,146,146,146,146,146,146,146,146,146,146,146,146,146,146,146,146,146,146,146,146,146,146,146,146,146,146,146,146,146,146,146,146,146,146,146,146,146,146,146,146,146,146,146,146,146,146,146,146,146,146,146,146,146,146,146,146,146,146,146,146,146,146,146,146,146,146,146,146,146,146,146,146,146,146,146,146,146,146,146,146,146,88,146,146,146,146,146,146,146,146,146,146,146,146,146,146,146,146,146,146,146,146,146,146,146,146,146,146,146,146,146,146,146,146,146,146,146,146,146,146,146,146,146,146,146,146,146,146,146,146,146,146,146,146,146,146,146,146,146,146,146,146,146,146,146,146,146,146,146,146
0,94,94,94,94,94,94,94,94,94,94,94,94,94,94,94,94,94,94,94,94,94,94,94,94,94,94,94,94,94,94,94,94,94,94,94,94,94,94,49,94,49,49,49,49,49,49,49,93,49,93,49,93,49,49,49,93,49,49,49,49,49,49,94,49,94,49,93,49,49,94,94,94,94,94,94,94,94,94,94,94,94,49,94,94,49,49,94,49,94,93,49,93,93,94,93,94,94,94,94,94,94,94,94,94,94,94,94,94,94,49,94,49,49,49,49,49,49,49,49,49,49,49,49,49,49,49,94,94,94,94,94,94,94,94,94,94,94,49,49,49,49,49,49,49,145,49,94,49,49,49,49,49,49,49,93,49
0,92,92,92,92,92,92,92,50,92,50,92,50,50,92,50,50,50,50,50,50,92,50,92,50,92,50,92,50,92,92,92,92,92,92,50,50,50,50,50,50,50,92,92,50,92,92,92,92,92,50,92,50,92,92,92,92,92,92,92,92,92,92,50,92,50,92,50,92,50,50,50,50,50,50,50,50,50,50,50,50,50,92,92,50,50,50,92,50,145,92,92,92,145,92,50,92,50,50,50,50,50,50,50,50,50,50,50,92,50,92,50,92,92,92,92,92,92,92,92,92,92,92,92,92,92,92,50,92,50,50,50,92,50,50,50,50,50,50,50,50,50,50,50,50,145,50,50,92,92,92,92,92,92,92,155,92
0,138,138,138,138,138,138,138,51,138,51,138,51,51,138,51,51,51,51,51,51,138,51,138,138,138,51,138,138,138,138,138,138,138,138,51,51,51,51,51,51,51,51,51,51,51,51,51,51,51,51,51,51,51,51,51,51,51,51,51,51,51,51,51,51,51,51,51,51,51,51,138,138,138,138,51,138,51,138,51,138,51,51,51,51,138,138,138,138,138,51,91,138,138,138,138,138,138,138,138,138,138,138,138,138,51,138,138,138,51,51,51,51,51,51,51,51,51,51,51,51,51,51,51,51,51,51,51,138,51,138,138,138,138,138,138,51,138,138,138,138,138,138,138,51,51,51,138,51,51,51,51,51,51,51,138,156
0,94,94,94,94,94,94,94,94,94,94,94,94,94,94,48,94,94,48,94,94,94,94,94,94,94,94,94,94,94,94,94,94,94,94,48,48,48,48,48,48,48,48,48,48,48,48,48,48,49,90,49,90,49,48,49,48,49,49,48,49,49,48,49,48,49,48,90,48,48,48,94,94,94,94,94,94,94,94,94,94,49,48,48,90,49,49,94,49,94,90,49,90,48,94,48,94,94,94,94,94,94,94,94,94,49,94,49,94,49,49,49,49,49,49,48,48,48,48,48,48,49,48,49,48,49,48,49,94,49,94,94,94,94,94,94,49,94,49,49,49,49,49,49,49,90,49,94,48,49,48,49,48,49,49,90,49
0,95,95,95,95,95,95,95,95,95,95,95,95,90,95,90,95,90,90,95,95,95,95,95,95,95,95,95,95,95,95,95,95,95,95,90,90,90,90,90,90,90,90,90,90,90,90,90,90,90,90,90,90,90,90,90,90,90,90,90,90,90,90,95,90,95,90,90,90,90,90,95,95,95,95,95,95,95,95,95,95,95,90,95,90,90,90,90,90,90,90,90,90,93,90,95,90,95,95,95,95,95,95,95,95,95,95,90,90,95,90,95,90,90,90,90,90,95,95,90,90,95,90,95,90,95,90,95,90,95,95,95,95,95,95,95,95,95,90,90,90,90,90,90,90,90,90,95,90,90,90,90,90,90,90,90,90
0,96,96,96,96,96,96,96,96,96,96,96,96,96,96,96,96,96,96,96,96,96,96,96,96,96,96,96,96,96,96,96,96,96,96,96,96,96,96,87,96,87,96,87,87,87,96,96,87,87,87,87,87,87,87,87,87,87,87,87,87,87,87,96,96,96,96,87,96,87,96,96,96,96,96,96,96,96,96,96,96,96,87,96,96,87,87,87,87,87,87,87,87,87,94,87,96,96,96,96,96,96,96,96,96,96,96,96,108,96,87,96,87,87,87,87,87,96,96,96,87,96,87,96,87,96,87,96,108,96,96,96,96,96,96,96,96,96,87,96,87,87,87,87,87,87,87,96,87,87,87,87,87,87,87,87,87
0,130,130,130,130,130,130,130,130,130,130,130,130,130,130,130,130,130,130,130,130,130,130,130,130,130,130,130,130,130,130,130,130,130,130,130,130,130,130,130,130,130,130,130,130,130,130,130,130,130,130,130,130,130,130,130,130,130,130,130,130,130,130,130,130,130,130,130,130,130,130,130,130,130,130,130,130,130,130,130,130,130,130,130,130,130,130,130,130,130,130,130,130,130,130,95,130,130,130,130,130,130,130,130,130,130,130,130,130,130,130,130,130,130,130,130,130,130,130,130,130,130,130,130,130,130,130,130,130,130,130,130,130,130,130,130,130,130,130,130,130,130,130,130,130,130,130,130,130,130,130,130,130,130,130,130,130
0,25,25,25,25,25,25,25,25,25,25,25,25,25,25,25,25,25,25,25,25,25,25,25,130,25,25,25,130,25,25,25,25,25,25,25,25,25,25,25,25,25,25,25,25,25,25,25,25,25,25,25,25,25,25,25,25,25,25,25,25,25,25,25,25,25,25,25,25,25,25,25,25,25,25,25,25,25,25,25,25,25,25,25,25,25,25,25,25,25,25,25,25,25,25,25,25,130,130,130,130,130,130,130,130,25,25,25,25,25,25,25,25,25,25,25,25,25,25,25,25,25,25,25,25,25,25,25,130,25,130,130,25,25,25,25,25,25,25,25,25,25,25,25,25,25,25,25,25,25,25,25,25,25,25,25,25
0,27,27,27,27,27,27,27,27,27,27,27,27,27,27,27,27,27,27,27,27,27,27,27,27,27,27,27,27,27,27,27,27,27,27,27,27,27,27,27,27,27,27,27,27,99,27,27,99,99,99,99,99,99,99,99,99,99,99,99,99,99,99,99,99,99,99,99,99,99,27,27,27,27,27,27,27,27,27,27,27,99,99,99,27,99,99,27,99,27,99,99,99,27,27,27,27,27,99,99,100,99,99,100,99,99,99,27,99,27,99,27,99,27,99,99,99,99,99,99,99,27,99,27,99,27,99,27,27,27,27,27,27,27,27,27,27,99,99,27,99,99,99,99,99,27,99,27,99,27,99,27,99,27,99,99,99
0,102,102,102,102,102,102,102,102,102,102,102,102,102,102,102,102,102,102,102,102,102,102,102,102,102,102,102,102,102,102,102,102,102,102,102,102,102,102,102,102,102,102,102,102,102,102,102,102,102,102,102,102,102,102,102,102,102,102,102,102,102,102,102,102,102,102,102,102,102,102,102,102,102,102,102,102,102,102,102,102,102,102,102,102,102,102,102,102,102,102,102,102,102,102,102,102,102,98,102,102,102,102,102,102,102,102,102,102,102,102,102,102,102,102,102,102,102,102,102,102,102,102,102,102,102,102,102,102,102,102,102,102,102,102,102,102,102,102,102,102,102,102,102,102,102,102,102,102,102,102,102,102,102,102,102,102
0,98,98,98,98,98,98,98,101,98,101,98,101,101,98,101,101,101,101,101,101,98,101,98,101,98,101,98,101,98,98,98,98,98,98,101,101,101,101,101,101,101,98,98,101,98,98,98,98,98,98,98,98,98,98,98,98,98,98,98,98,98,98,101,101,101,101,101,101,101,101,101,101,101,101,98,101,98,98,98,98,101,101,101,98,98,98,101,98,101,98,98,98,98,98,101,98,101,98,101,101,101,98,101,98,101,98,101,98,98,98,98,98,98,98,101,98,98,98,98,98,98,98,98,98,98,98,98,98,98,101,101,98,101,101,101,98,98,98,98,98,98,98,98,98,98,98,101,98,98,98,98,98,98,98,98,98
0,0,0,0,0,0,0,0,0,0,0,0,0,0,0,0,0,0,0,0,0,0,0,0,0,0,0,0,0,0,0,0,0,0,0,0,0,0,0,0,0,0,0,0,0,0,0,0,0,0,0,0,0,0,0,0,0,0,0,0,0,0,0,0,0,0,0,0,0,0,0,0,0,0,0,0,0,0,0,0,0,0,0,0,0,0,0,0,0,0,0,0,0,0,0,0,0,0,0,0,100,0,0,103,0,0,0,0,0,0,0,0,0,0,0,0,0,0,0,0,0,0,0,0,0,0,0,0,0,0,0,0,0,0,0,0,0,0,0,0,0,0,0,0,0,0,0,0,0,0,0,0,0,0,0,0,0
0,105,105,105,105,105,105,105,105,105,105,105,105,105,105,105,105,105,105,105,105,105,105,105,105,105,105,105,105,105,105,105,105,105,105,105,105,105,105,105,105,105,99,99,105,99,105,99,99,99,99,99,99,99,99,99,99,99,99,99,99,99,105,105,105,105,105,105,105,105,105,105,105,105,105,105,105,105,105,105,105,105,105,105,99,99,105,105,99,105,99,99,99,105,105,105,105,105,99,99,105,99,99,103,99,105,99,105,99,105,105,105,105,105,105,105,105,99,99,105,105,105,105,105,105,105,105,105,99,105,105,105,105,105,105,105,105,99,105,99,99,99,99,99,99,105,99,105,105,105,105,105,105,105,99,99,99
0,104,104,104,104,104,104,104,104,104,104,104,104,104,104,104,104,104,104,104,104,104,104,104,104,104,104,104,104,104,104,104,104,104,104,104,104,104,104,104,104,104,104,104,104,104,104,104,104,104,104,104,104,104,104,104,104,104,104,104,104,104,104,101,101,101,101,104,101,104,104,104,104,104,104,104,104,104,104,104,104,101,104,101,104,104,104,104,104,104,104,104,104,104,104,104,104,104,101,101,104,101,102,101,104,101,104,104,104,104,104,104,104,104,104,104,104,104,104,104,104,104,104,104,104,104,104,104,104,104,104,104,104,104,104,104,104,104,104,104,104,104,104,104,104,104,104,104,104,104,104,104,104,104,104,104,104
0,0,0,0,0,0,0,0,0,0,0,0,0,0,0,0,0,0,0,0,0,0,0,0,0,0,0,0,0,0,0,0,0,0,0,0,0,0,0,0,0,0,0,0,0,0,0,0,0,0,0,0,0,0,0,0,0,0,0,0,0,0,0,0,0,0,0,0,0,0,0,0,0,0,0,0,0,0,0,0,0,0,0,0,0,0,0,0,0,0,0,0,0,0,0,0,0,0,0,0,0,0,0,103,0,0,0,0,0,0,0,0,0,0,0,0,0,0,0,0,0,0,0,0,0,0,0,0,0,0,0,0,0,0,0,0,0,0,0,0,0,0,0,0,0,0,0,0,0,0,0,0,0,0,0,0,0
0,137,137,137,137,137,137,137,137,137,137,137,137,137,137,137,137,137,137,137,137,137,137,137,106,137,137,137,106,137,137,137,137,137,137,137,137,137,137,137,137,137,137,137,137,137,137,137,137,137,137,137,137,137,137,137,137,137,137,137,137,137,137,137,137,137,137,137,137,137,137,106,106,106,106,137,106,137,137,137,137,137,137,137,137,106,106,137,106,137,137,137,137,137,137,137,137,106,102,102,106,102,102,102,102,102,106,137,106,137,137,137,137,137,137,137,137,137,137,137,137,137,137,137,137,137,137,137,106,137,106,106,137,106,106,106,137,137,137,106,106,106,106,106,137,137,137,106,137,137,137,137,137,137,137,137,137
0,107,107,107,107,107,107,107,81,107,81,107,81,81,81,81,81,81,81,81,81,107,81,107,107,107,81,107,107,107,107,107,107,107,107,81,81,81,81,81,81,81,81,81,81,81,81,81,107,107,107,107,81,81,81,81,107,81,81,81,81,81,81,81,81,81,81,81,81,81,81,107,107,107,107,107,107,107,81,107,81,81,81,81,81,81,81,107,81,107,107,107,107,107,107,107,107,107,107,107,107,107,107,107,107,105,81,107,107,81,81,81,81,81,81,81,81,81,81,81,81,81,81,81,81,81,81,81,107,81,107,107,81,107,107,107,107,81,81,81,81,81,81,81,81,107,81,107,81,81,81,81,81,81,81,107,107
0,108,108,108,108,108,108,108,108,108,108,108,108,108,108,108,108,108,108,108,108,108,108,108,108,108,108,108,108,108,108,108,108,108,108,108,108,108,108,140,108,140,140,140,140,140,140,140,85,139,140,140,140,140,140,140,85,140,140,140,140,140,140,85,85,85,85,140,85,140,108,108,108,108,108,85,108,85,108,85,108,85,85,85,108,85,140,139,85,139,140,140,85,139,139,140,139,108,108,108,108,108,108,108,108,85,106,139,108,85,140,85,140,85,140,85,85,108,108,85,85,85,85,108,85,108,85,85,108,85,108,108,108,108,108,108,85,108,140,139,140,85,140,85,140,139,85,108,85,85,85,85,85,85,140,85,140
0,87,87,87,87,87,87,87,87,87,87,87,87,87,87,87,87,87,87,87,87,87,87,87,95,87,87,87,95,87,87,87,87,87,87,87,87,87,87,87,87,87,87,87,87,87,87,87,87,87,87,87,87,87,87,87,87,87,87,87,87,87,87,95,95,95,95,87,95,87,87,95,95,95,95,95,95,95,95,95,95,95,95,95,87,87,87,87,87,87,87,87,87,87,87,95,87,95,95,95,95,95,95,95,95,95,95,107,87,95,87,95,87,87,87,95,95,95,95,95,95,95,95,95,95,95,95,95,87,95,95,95,87,95,95,95,95,95,87,87,87,87,87,87,87,87,87,95,95,87,95,87,95,87,87,87,87
0,128,128,128,128,128,128,128,128,128,128,128,128,128,128,128,128,128,128,128,128,128,128,128,128,128,128,128,128,128,128,128,128,128,128,128,128,128,128,128,128,128,128,128,128,128,128,128,128,128,128,128,128,128,128,128,128,128,128,128,128,128,128,128,128,128,128,128,128,128,128,128,128,128,128,128,128,128,128,128,128,128,128,128,128,128,128,128,128,128,128,128,128,128,128,128,128,128,128,128,128,128,128,128,128,128,128,128,108,128,128,128,128,128,128,128,128,128,128,128,128,128,128,128,128,128,128,128,128,128,128,128,128,128,128,128,128,128,128,128,128,128,128,128,128,128,128,128,128,128,128,128,128,128,128,128,128
0,121,121,121,121,121,121,121,121,121,121,121,121,121,121,61,121,121,61,121,121,121,121,121,121,121,121,121,121,121,121,121,121,121,121,61,61,61,61,61,61,61,121,61,61,61,121,121,61,61,61,61,61,61,61,61,61,61,61,61,61,61,111,111,111,111,111,61,111,61,61,121,121,121,121,61,121,61,111,61,111,61,111,111,121,61,61,61,61,61,61,61,61,61,61,61,121,121,121,121,121,121,121,121,121,61,111,61,61,121,61,111,61,111,61,111,111,111,111,111,111,121,111,121,111,121,111,121,61,121,61,121,121,121,121,121,61,111,61,61,61,61,61,61,61,61,61,121,111,111,111,111,111,111,61,61,61
0,112,112,112,112,112,112,112,112,112,112,112,112,112,112,112,112,112,112,112,112,112,112,112,112,112,112,112,112,112,112,112,112,112,112,112,112,112,112,112,112,112,112,112,112,112,112,112,112,112,112,112,112,112,112,112,112,112,112,112,112,112,113,113,113,113,113,112,113,112,112,112,112,112,112,112,112,112,113,112,113,112,113,112,112,112,112,112,112,112,112,112,113,112,112,112,112,112,112,112,112,112,112,112,112,112,113,112,112,112,110,112,112,113,112,113,113,113,113,113,113,112,113,112,113,112,113,112,112,112,112,112,112,112,112,112,112,113,112,112,112,112,112,112,112,112,112,112,113,113,113,113,113,113,112,112,112
0,113,113,113,113,113,113,113,113,113,113,113,113,113,113,113,113,113,113,113,113,113,113,113,113,113,113,113,113,113,113,113,113,113,113,113,113,113,113,113,113,113,113,113,113,113,113,113,113,113,113,113,113,113,113,113,113,113,113,113,113,113,113,113,113,113,113,113,113,113,113,113,113,113,113,113,113,113,113,113,113,113,113,113,113,113,113,113,113,113,113,113,113,113,113,113,113,113,113,113,113,113,113,113,113,113,113,113,113,113,113,111,113,113,113,113,113,113,113,113,113,113,113,113,113,113,113,113,113,113,113,113,113,113,113,113,113,113,113,113,113,113,113,113,113,113,113,113,113,113,113,113,113,113,113,113,113
0,123,123,123,123,123,123,123,114,123,114,123,114,114,123,114,114,114,114,114,123,123,123,123,123,123,123,123,123,123,123,123,123,123,123,114,114,114,114,114,114,114,123,123,114,114,123,123,123,123,123,123,114,114,114,114,123,114,114,123,123,123,114,114,114,114,114,114,114,114,114,123,123,123,123,123,123,123,123,123,114,123,114,114,123,114,114,123,114,123,123,123,123,123,123,114,123,123,123,123,123,123,123,123,123,123,114,123,114,123,110,123,112,110,114,114,114,114,114,114,114,123,114,123,114,123,114,123,114,123,123,123,123,123,123,123,123,114,114,123,114,114,114,114,123,123,123,123,114,114,114,114,114,114,123,123,123
0,149,149,149,149,149,149,149,149,149,149,149,149,149,149,149,149,149,149,149,149,149,149,149,149,149,149,149,149,149,149,149,149,149,149,149,149,149,149,149,149,149,149,149,149,149,149,149,149,149,149,149,149,149,149,149,149,149,149,149,149,149,149,149,149,149,149,149,149,149,149,149,149,149,149,149,149,149,149,149,149,149,149,149,149,149,149,149,149,149,149,149,149,149,149,149,149,149,149,149,149,149,149,149,149,149,149,149,149,149,149,149,149,113,149,149,149,149,149,149,149,149,149,149,149,149,149,149,149,149,149,149,149,149,149,149,149,149,149,149,149,149,149,149,149,149,149,149,149,149,149,149,149,149,149,149,149
0,83,83,83,83,83,83,83,83,83,83,83,83,83,83,83,83,83,83,83,83,83,83,83,83,83,83,83,83,83,83,83,83,83,83,83,83,83,83,83,83,83,83,83,83,83,83,83,83,83,149,149,83,83,83,83,83,83,83,83,83,83,149,149,149,149,149,83,149,83,83,83,83,83,83,83,83,83,149,83,149,83,149,83,149,83,83,83,83,83,149,149,83,83,83,83,83,83,83,83,83,83,83,83,83,83,149,149,83,149,149,149,149,149,149,149,149,83,83,149,149,149,149,149,149,149,149,149,83,149,83,83,83,83,83,83,83,149,83,83,83,83,83,83,149,149,149,83,149,149,149,149,149,149,149,83,149
0,83,83,83,83,83,83,83,83,120,83,120,83,83,83,83,83,83,83,83,83,120,83,83,83,120,83,120,83,120,83,120,120,83,120,83,83,83,83,83,83,83,83,83,83,83,83,83,120,120,120,120,83,83,83,83,120,83,83,83,83,83,120,120,120,120,120,83,120,83,83,83,83,83,83,83,83,83,120,83,120,83,120,83,120,83,83,120,83,120,120,83,120,120,120,83,120,83,83,83,83,83,83,83,83,83,120,120,83,120,120,120,120,120,120,120,119,119,119,119,120,120,120,120,120,120,120,120,83,120,83,83,120,83,83,83,83,120,83,120,83,83,83,83,83,120,83,83,120,120,120,120,120,120,83,83,83
0,120,120,120,120,120,120,120,120,120,120,120,120,120,120,120,120,120,120,120,120,120,120,120,119,120,120,120,120,120,120,120,120,120,120,120,120,120,120,120,120,120,120,120,120,120,120,120,120,120,120,120,120,120,120,120,120,120,120,120,120,120,120,120,120,120,120,120,120,120,120,120,120,120,120,120,120,120,120,120,120,120,120,120,120,119,119,120,119,120,120,120,120,120,120,119,120,120,120,120,120,120,120,120,120,120,120,120,120,120,120,120,120,120,120,120,119,119,118,119,120,120,120,120,120,120,120,120,120,120,119,119,120,120,120,120,120,120,119,120,119,119,119,119,120,120,120,120,120,120,120,120,120,120,120,120,120
0,138,138,138,138,138,138,138,120,138,120,138,120,120,138,120,120,120,120,120,120,138,120,138,138,138,120,138,138,120,138,120,138,138,138,120,120,120,120,120,120,120,120,120,120,120,120,120,120,120,120,120,120,120,120,120,120,120,120,120,120,120,120,120,120,120,120,120,120,120,120,138,138,138,138,138,138,138,120,138,120,138,120,120,120,138,138,138,138,138,120,138,120,120,120,138,120,138,138,138,138,138,138,138,138,138,120,138,138,120,120,120,120,120,120,120,119,117,119,119,120,120,120,120,120,120,120,120,138,120,138,138,120,138,138,138,138,120,138,138,138,138,138,138,138,120,138,138,120,120,120,120,120,120,120,138,120
0,120,120,120,120,120,120,120,120,120,120,120,120,120,120,120,120,120,120,120,120,120,120,120,117,120,120,120,117,120,120,120,120,120,120,120,120,120,120,120,120,120,120,120,120,120,120,120,120,120,120,120,120,120,120,120,120,120,120,120,120,120,120,120,120,120,120,120,120,120,120,117,117,117,117,117,117,117,120,117,120,117,120,120,120,117,117,120,117,120,120,120,120,120,120,117,120,117,117,117,117,117,117,117,117,117,120,120,117,120,120,120,120,120,120,120,116,117,118,117,120,120,120,120,120,120,120,120,117,120,117,117,120,117,117,117,117,120,117,120,117,117,117,117,117,120,117,117,120,120,120,120,120,120,120,117,120
0,116,116,116,116,116,116,116,116,116,116,116,116,116,116,116,116,116,116,116,116,116,116,116,117,116,116,116,117,116,116,116,116,116,116,116,116,116,116,116,116,116,116,116,116,116,116,116,116,116,116,116,116,116,116,116,116,116,116,116,116,116,116,116,116,116,116,116,116,116,116,117,117,117,117,117,117,117,116,117,116,117,116,116,116,117,117,116,117,116,116,116,116,116,116,117,116,117,117,117,117,117,117,117,117,117,116,116,117,116,116,116,116,116,116,116,116,117,118,119,116,116,116,116,116,116,116,116,117,116,117,117,116,117,117,117,117,116,117,117,117,117,117,117,117,116,117,117,116,116,116,116,116,116,116,117,116
0,110,110,110,110,110,110,110,122,110,122,110,122,122,122,122,122,122,122,122,110,110,110,110,124,110,110,110,110,110,110,110,110,110,110,122,122,122,122,122,122,122,110,124,122,124,110,110,124,124,124,124,124,124,124,124,124,124,124,124,124,124,122,122,122,122,122,122,122,122,122,122,122,122,122,122,122,122,122,122,124,122,122,122,124,124,122,124,124,124,124,124,124,124,124,124,124,110,110,110,110,110,110,110,110,122,124,124,124,110,110,110,110,122,122,122,122,122,124,122,122,110,122,110,124,110,124,110,124,110,124,124,110,122,122,122,122,124,122,124,124,124,124,124,122,124,122,122,122,122,122,122,122,122,122,124,122
0,123,123,123,123,123,123,123,123,123,123,123,123,123,123,123,123,123,123,123,123,123,123,123,123,123,123,123,123,123,123,123,123,123,123,123,123,123,123,123,123,123,123,123,123,123,123,123,123,123,123,123,123,123,123,123,123,123,123,123,123,123,123,123,123,123,123,123,123,123,123,123,123,123,123,123,123,123,123,123,123,123,123,123,123,123,123,123,123,123,123,123,123,123,123,123,123,123,123,123,123,123,123,123,123,123,123,123,123,123,123,123,123,123,123,123,123,123,123,123,123,121,123,123,123,123,123,123,123,123,123,123,123,123,123,123,123,123,123,123,123,123,123,123,123,123,123,123,123,123,123,123,123,123,123,123,123
0,78,78,78,78,78,78,78,148,78,148,78,148,148,148,148,148,148,148,148,148,78,148,148,148,78,148,78,148,148,148,148,78,148,78,148,148,148,148,148,148,148,148,148,148,148,148,148,78,78,78,78,148,148,148,148,78,148,78,148,78,78,113,113,113,113,113,148,113,148,148,148,148,148,148,148,148,148,78,148,78,148,113,148,78,148,148,78,148,78,78,148,78,78,78,148,78,148,148,148,148,148,148,148,148,148,78,78,78,148,148,148,148,113,148,148,148,148,148,148,148,148,122,148,148,148,148,148,78,148,148,148,148,148,148,148,148,78,148,78,148,148,148,148,148,78,148,148,148,113,148,113,148,113,148,78,148
0,125,125,125,125,125,125,125,125,125,125,125,125,125,125,125,125,125,125,125,125,125,125,125,125,125,125,125,125,125,125,125,125,125,125,125,125,125,125,125,125,125,125,125,125,125,125,125,125,125,125,125,125,125,125,125,125,125,125,125,125,125,125,125,125,125,125,125,125,125,125,125,125,125,125,125,125,125,125,125,125,125,125,125,125,125,125,125,125,125,125,125,125,125,125,125,125,125,125,125,125,125,125,125,125,125,125,125,125,125,125,125,125,125,125,125,125,125,125,125,125,121,125,121,125,125,125,125,125,125,125,125,125,125,125,125,125,125,125,125,125,125,125,125,125,125,125,125,125,125,125,125,125,125,125,125,125
0,126,126,126,126,126,126,126,126,126,126,126,126,126,126,126,126,126,126,126,126,126,126,126,126,126,126,126,126,126,126,126,126,126,126,126,126,126,126,126,126,126,126,126,126,126,126,126,126,126,126,126,126,126,126,126,126,126,126,126,126,126,126,126,126,126,126,126,126,126,126,126,126,126,126,126,126,126,126,126,126,126,126,126,126,126,126,126,126,126,126,126,126,126,126,126,126,126,126,126,126,126,126,126,126,126,126,126,126,126,126,126,126,126,126,126,126,126,126,126,126,126,126,126,124,126,126,126,126,126,126,126,126,126,126,126,126,126,126,126,126,126,126,126,126,126,126,126,126,126,126,126,126,126,126,126,126
0,127,127,127,127,127,127,127,127,127,127,127,127,127,127,127,127,127,127,127,127,127,127,127,127,127,127,127,127,127,127,127,127,127,127,127,127,127,127,127,127,127,127,127,127,127,127,127,127,127,127,127,127,127,127,127,127,127,127,127,127,127,127,127,127,127,127,127,127,127,127,127,127,127,127,127,127,127,127,127,127,127,127,127,127,127,127,127,127,127,127,127,127,127,127,127,127,127,127,127,127,127,127,127,127,127,127,127,127,127,127,127,127,127,127,127,127,127,127,127,127,127,127,127,127,125,127,127,127,127,127,127,127,127,127,127,127,127,127,127,127,127,127,127,127,127,127,127,127,127,127,127,127,127,127,127,127
0,80,80,80,80,80,80,80,80,80,80,80,80,80,80,80,80,80,80,80,80,80,80,80,80,80,80,80,80,80,80,80,80,80,80,80,80,80,80,80,80,80,80,80,80,80,80,80,80,80,80,80,80,80,80,80,80,80,80,80,80,80,80,80,80,80,80,80,80,80,80,80,80,80,80,80,80,80,80,80,80,80,80,80,80,80,80,80,80,80,80,80,80,80,80,80,80,80,80,80,80,80,80,80,80,80,80,80,80,80,80,80,80,80,80,80,80,80,80,80,80,80,80,80,80,80,126,80,80,80,80,80,80,80,80,80,80,80,80,80,80,80,80,80,80,80,80,80,80,80,80,80,80,80,80,80,80
0,132,132,132,132,132,132,132,132,132,132,132,132,132,132,132,132,132,132,132,132,132,132,132,132,132,132,132,132,132,132,132,132,132,132,132,132,132,132,109,132,109,132,132,109,132,132,132,132,132,109,109,109,109,109,109,132,109,109,109,109,109,109,109,109,109,109,109,109,109,132,132,132,132,132,109,132,109,132,109,132,109,109,109,132,109,109,132,109,132,109,109,109,132,132,132,129,129,129,129,129,129,129,129,129,109,132,132,109,109,109,109,109,109,109,109,109,109,109,109,109,109,109,109,109,109,109,109,132,129,129,132,132,132,132,132,109,132,109,132,109,109,109,109,109,109,109,132,109,109,109,109,109,109,109,109,109
0,130,130,130,130,130,130,130,130,130,130,130,130,130,130,130,130,130,130,130,130,130,130,130,130,130,130,130,130,130,130,130,130,130,130,130,130,130,130,130,130,130,130,130,130,130,130,130,130,130,130,130,130,130,130,130,130,130,130,130,130,130,130,130,130,130,130,130,130,130,130,130,130,130,130,130,130,130,130,130,130,130,130,130,130,130,130,130,130,130,130,130,130,130,130,130,130,130,130,130,130,130,130,130,130,130,130,130,130,130,130,130,130,130,130,130,130,130,130,130,130,130,130,130,130,130,130,130,128,130,130,130,130,130,130,130,130,130,130,130,130,130,130,130,130,130,130,130,130,130,130,130,130,130,130,130,130
0,96,96,96,96,96,96,96,96,96,96,96,96,96,96,96,96,96,96,96,96,96,96,96,96,96,96,96,96,96,96,96,96,96,96,96,96,96,96,96,96,96,96,96,96,96,96,96,96,96,96,97,97,97,97,97,96,97,97,97,97,97,97,97,97,97,97,97,97,97,96,96,96,96,96,96,96,96,96,96,96,97,97,97,96,97,97,96,97,96,97,96,97,96,96,96,96,97,97,97,97,97,97,97,97,97,97,96,97,96,97,96,97,96,97,97,97,97,97,97,97,96,97,96,97,96,97,96,96,129,96,96,96,96,96,96,96,97,96,96,97,97,97,97,97,96,97,96,97,96,97,96,97,96,97,97,97
0,25,25,25,25,25,25,25,25,25,25,25,25,25,25,25,25,25,25,25,25,25,25,25,24,25,25,25,24,25,25,25,25,25,25,25,25,25,25,24,25,24,25,25,24,24,25,25,24,24,24,24,24,24,24,24,24,24,24,24,24,24,24,24,24,24,24,24,24,24,25,24,24,24,24,24,24,24,24,24,24,24,24,24,25,24,24,25,24,25,24,24,24,24,24,25,24,24,24,24,24,24,24,24,24,24,24,25,24,24,24,24,24,24,24,24,24,24,24,24,24,24,24,24,24,24,24,24,24,24,24,24,25,24,24,24,24,24,24,25,24,24,24,24,24,25,24,24,24,24,24,24,24,24,24,24,24
0,27,27,27,27,27,27,27,27,27,27,27,27,27,27,27,27,27,27,27,27,27,27,27,24,27,27,27,24,27,27,27,27,27,27,27,27,27,27,27,27,27,27,27,27,27,27,27,27,27,27,27,27,27,27,27,27,27,27,27,27,27,27,27,27,27,27,27,27,27,27,27,27,27,27,27,27,27,27,27,27,27,27,27,27,27,27,27,27,27,27,27,27,27,27,27,27,24,24,24,24,24,24,24,24,27,27,27,27,27,27,27,27,27,27,27,27,27,27,27,27,27,27,27,27,27,27,27,128,27,128,24,27,27,27,27,27,27,27,27,27,27,27,27,27,27,27,27,27,27,27,27,27,27,27,27,27
0,25,25,25,25,25,25,25,25,25,25,25,25,25,25,25,25,25,25,25,29,25,29,25,29,25,29,25,29,29,25,29,25,25,25,25,25,25,25,42,25,42,42,42,42,42,42,42,42,42,42,42,42,42,42,42,42,42,42,42,42,42,42,25,25,25,25,42,25,42,25,25,25,25,25,25,25,25,25,25,25,25,42,25,29,42,42,29,42,29,42,42,42,42,29,29,29,29,29,29,29,29,29,29,29,25,25,29,29,25,42,25,42,42,42,42,42,25,25,42,42,25,42,25,42,25,42,25,25,25,29,25,29,25,25,25,25,25,42,29,42,42,42,42,42,42,42,25,42,42,42,42,42,42,42,42,42
0,73,73,73,73,73,73,73,73,73,73,73,73,73,73,73,73,73,73,73,73,73,73,73,73,73,73,73,73,73,73,73,73,73,73,73,73,73,73,73,73,73,73,73,73,73,73,73,73,73,73,73,73,73,73,73,73,73,73,73,73,73,73,73,73,73,73,73,73,73,73,71,72,73,71,73,73,73,73,73,73,73,73,73,73,73,73,73,73,73,73,73,73,73,73,73,73,73,73,73,73,73,73,73,73,73,73,73,73,73,73,73,73,73,73,73,73,73,73,73,73,73,73,73,73,73,73,73,73,73,73,73,73,73,71,73,73,73,73,73,73,73,73,73,73,73,73,73,73,73,73,73,73,73,73,73,73
0,73,73,73,73,73,73,73,73,73,73,73,73,73,73,73,73,73,73,73,73,73,73,73,73,73,73,73,73,73,73,73,73,73,73,73,73,73,73,73,73,73,73,73,73,73,73,73,73,73,73,73,73,73,73,73,73,73,73,73,73,73,73,73,73,73,73,73,73,73,73,73,73,73,74,73,73,73,73,73,73,73,73,73,73,73,73,73,73,73,73,73,73,73,73,73,73,73,73,73,73,73,73,73,73,73,73,73,73,73,73,73,73,73,73,73,73,73,73,73,73,74,73,74,73,74,73,73,73,73,73,73,73,73,73,73,73,73,73,73,73,73,73,73,73,73,73,74,73,73,73,73,73,73,73,73,73
0,76,76,76,76,76,76,76,76,76,76,76,76,76,76,76,76,76,76,76,147,76,147,76,76,76,147,76,147,147,76,147,76,76,76,76,76,76,76,76,76,76,147,76,76,76,147,147,76,76,76,76,76,76,76,76,76,76,76,76,76,76,76,76,76,76,76,76,76,76,76,76,76,76,76,76,76,76,76,76,76,76,76,76,76,76,76,76,76,76,76,76,76,76,76,76,76,147,147,147,147,147,147,147,147,76,76,76,76,147,76,147,76,76,76,76,76,76,76,76,76,147,76,147,76,147,76,147,76,147,76,76,147,76,76,76,76,76,76,76,76,76,76,76,76,76,76,147,76,76,76,76,76,76,76,76,76
0,105,105,105,105,105,105,105,81,105,81,105,81,81,81,81,81,81,81,81,81,105,81,105,105,105,81,105,105,105,105,105,105,105,105,81,81,81,81,81,81,81,81,81,81,81,81,81,81,105,105,105,81,81,81,81,81,81,81,81,81,81,81,81,81,81,81,81,81,81,81,105,105,105,105,105,105,105,81,105,81,81,81,81,81,81,81,105,81,105,105,105,105,105,105,105,105,105,105,105,105,105,105,105,105,105,81,105,105,81,81,81,81,81,81,81,81,81,81,81,81,81,81,81,81,81,81,81,105,81,105,105,81,105,105,105,105,81,81,81,81,81,81,81,81,105,81,105,81,81,81,81,81,81,81,105,81
0,92,92,92,92,92,92,92,92,92,92,92,92,92,92,51,92,92,51,92,92,92,92,92,92,92,92,92,92,92,92,92,92,92,92,51,51,51,51,51,51,51,51,51,51,51,51,51,92,92,92,51,51,51,51,51,92,51,51,51,51,51,51,118,51,118,51,51,51,51,51,92,92,92,92,51,92,51,118,51,118,51,51,118,84,92,92,92,92,92,92,92,92,92,92,84,92,92,92,92,92,92,92,92,92,51,118,84,92,118,118,118,118,118,118,118,118,118,118,118,118,118,118,118,118,118,118,118,92,118,92,92,92,92,92,92,51,118,92,84,92,92,92,92,51,92,51,92,118,118,118,118,118,118,51,92,51
0,86,86,86,86,86,86,86,86,86,86,86,86,86,86,86,86,86,86,86,86,86,86,86,86,86,86,86,86,86,86,86,86,86,86,86,86,86,86,140,86,140,140,140,140,140,140,140,85,85,140,140,140,140,140,140,85,140,140,140,140,140,140,85,85,85,85,140,85,140,86,86,86,86,86,85,86,85,86,85,86,85,85,85,86,85,86,85,85,85,140,140,85,85,85,86,85,86,86,86,86,86,86,86,86,85,86,85,86,85,140,85,140,140,140,85,85,86,86,85,85,85,85,86,85,86,85,85,86,85,86,86,86,86,86,86,85,86,140,85,140,85,140,85,140,140,85,86,85,140,85,140,85,140,140,85,140
0,87,87,87,87,87,87,87,87,87,87,87,87,87,87,87,87,87,87,87,87,87,87,87,107,87,87,87,107,87,87,87,87,87,87,87,87,87,87,87,87,87,87,87,87,87,87,87,87,87,87,87,87,87,87,87,87,87,87,87,87,87,87,107,107,107,107,87,107,87,87,107,107,107,107,107,107,107,107,107,107,107,87,107,87,87,87,87,87,87,87,87,87,87,87,107,87,107,107,107,107,107,107,107,107,107,107,107,87,107,87,107,87,87,87,87,87,107,107,107,107,107,107,107,107,107,107,107,87,107,107,107,87,107,107,107,107,107,87,139,87,87,87,87,87,87,87,107,107,87,107,87,107,87,87,87,87
0,86,86,86,86,86,86,86,86,86,86,86,86,86,86,86,86,86,86,86,86,86,86,86,86,86,86,86,86,86,86,86,86,86,86,86,86,86,142,142,86,142,142,142,142,142,142,142,142,142,142,142,142,142,142,142,142,142,142,142,142,142,142,142,142,142,142,142,142,142,142,86,86,86,86,142,86,142,86,142,86,142,142,142,142,142,86,142,86,142,142,142,142,142,142,86,142,86,86,86,86,86,86,86,86,142,86,142,86,142,142,142,142,142,142,142,142,142,142,142,142,142,142,142,142,142,142,142,86,142,86,86,142,86,86,86,142,86,142,142,86,142,142,142,142,142,142,86,142,142,142,142,142,142,142,142,142
0,143,143,143,143,143,143,143,143,143,143,143,143,143,143,143,143,143,143,143,143,143,143,143,143,143,143,143,143,143,143,143,143,143,143,143,143,143,143,143,143,143,143,143,143,143,143,143,143,143,143,143,143,143,143,143,143,143,143,143,143,143,143,143,143,143,143,143,143,143,143,143,143,143,143,143,143,143,143,143,143,143,143,143,143,143,143,143,143,143,143,143,143,143,143,143,143,143,143,143,143,143,143,143,143,143,143,143,143,143,143,143,143,143,143,143,143,143,143,143,143,143,143,143,143,143,143,143,143,143,143,143,143,143,143,143,143,143,143,143,143,141,143,143,143,143,143,143,143,143,143,143,143,143,143,143,143
0,144,144,144,144,144,144,144,144,144,144,144,144,144,144,144,144,144,144,144,144,144,144,144,144,144,144,144,144,144,144,144,144,144,144,144,144,144,144,144,144,144,144,144,144,144,144,144,144,144,144,144,144,144,144,144,144,144,144,144,144,144,144,144,144,144,144,144,144,144,144,144,144,144,144,144,144,144,144,144,144,144,144,144,144,144,144,144,144,144,144,144,144,144,144,144,144,144,144,144,144,144,144,144,144,144,144,144,144,144,144,144,144,144,144,144,144,144,144,144,144,144,144,144,144,144,144,144,144,144,144,144,144,144,144,144,144,144,144,144,144,144,142,144,144,144,144,144,144,144,144,144,144,144,144,144,144
0,155,155,155,155,155,155,155,155,155,155,155,155,155,155,88,155,155,88,155,88,155,88,155,155,155,88,155,155,88,155,88,155,155,155,88,88,88,88,88,88,88,88,155,88,155,88,88,155,155,155,155,155,155,155,155,155,155,155,155,155,155,155,88,88,88,88,88,88,88,88,155,155,155,155,88,155,88,155,88,88,88,88,88,88,155,155,155,88,155,155,155,155,155,155,155,155,155,155,155,155,155,155,155,155,88,88,88,155,88,155,88,155,88,88,88,88,88,88,88,88,88,88,88,88,88,88,88,155,88,155,155,88,155,155,155,88,88,155,155,155,155,155,143,155,155,88,155,88,88,88,88,88,88,155,155,155
0,90,90,90,90,90,90,90,91,90,91,90,91,91,90,91,91,91,91,91,146,90,146,90,91,90,146,90,91,146,90,146,90,90,90,91,91,91,91,91,91,91,91,91,91,91,91,91,90,90,90,91,90,91,91,91,90,91,91,91,91,91,91,146,146,146,146,90,146,91,91,91,91,91,91,146,91,146,91,146,146,146,146,146,90,91,91,90,91,90,90,91,90,90,90,91,90,91,91,91,91,91,91,91,91,146,146,146,91,146,91,146,91,91,91,146,146,146,146,146,146,146,146,146,146,146,146,146,91,146,91,91,146,91,91,91,146,146,91,91,91,91,91,91,91,90,146,91,146,91,146,91,146,91,91,90,91
0,89,89,89,89,89,89,89,89,89,89,89,89,89,89,89,89,89,89,89,89,89,89,89,89,89,89,89,89,89,89,89,89,89,89,89,89,89,89,89,89,89,89,89,89,89,89,89,89,89,89,89,89,89,89,89,89,89,89,89,89,89,89,89,89,89,89,89,89,89,89,89,89,89,89,89,89,89,89,89,89,89,89,89,89,89,89,89,89,89,89,89,89,89,89,89,89,89,89,89,89,89,89,89,89,89,89,89,89,89,89,89,89,89,89,89,89,89,89,89,89,89,89,89,89,89,89,89,89,89,89,89,89,89,89,89,89,89,89,89,89,89,89,89,89,145,89,89,89,89,89,89,89,89,89,89,89
0,75,75,75,75,75,75,75,136,75,136,75,136,136,75,136,136,136,136,136,75,75,75,75,75,75,75,75,75,75,75,75,75,75,75,136,136,136,136,136,136,136,75,75,136,136,75,75,75,136,136,75,136,136,136,136,75,136,136,75,75,75,75,136,136,136,136,136,136,136,136,75,75,75,75,75,75,75,136,75,136,136,136,136,136,136,136,136,136,136,136,75,136,136,136,136,75,75,75,75,75,75,75,75,75,136,136,136,136,75,136,75,136,75,136,136,136,136,136,136,136,75,136,75,136,75,136,75,136,75,136,75,75,75,75,75,136,136,136,136,136,136,136,136,75,136,75,75,136,75,136,75,136,75,75,136,75
0,123,123,123,123,123,123,123,123,123,123,123,123,123,123,123,123,123,123,123,123,123,123,123,123,123,123,123,123,123,123,123,123,123,123,123,123,123,123,123,123,123,123,123,123,123,123,123,123,123,123,123,123,123,123,123,123,123,123,123,123,123,123,123,123,123,123,123,123,123,123,123,123,123,123,123,123,123,123,123,123,123,123,123,123,123,123,123,123,123,123,123,123,123,123,123,123,123,123,123,123,123,123,123,123,123,123,123,123,123,123,123,123,123,123,123,123,123,123,123,123,123,123,123,123,123,123,123,123,123,123,123,123,123,123,123,123,123,123,123,123,123,123,123,123,123,123,123,123,123,123,123,123,123,123,123,123
0,115,115,115,115,115,115,115,115,115,115,115,115,115,115,115,115,115,115,115,115,115,115,115,115,115,115,115,115,115,115,115,115,115,115,115,115,115,115,115,115,115,115,115,115,115,115,115,115,115,150,115,115,115,115,115,115,115,115,115,115,115,114,114,114,114,114,115,114,115,115,115,115,115,115,150,115,150,115,150,115,150,114,115,115,115,115,115,115,115,150,150,115,115,115,115,115,115,115,115,115,115,115,115,115,150,115,115,115,115,115,115,115,115,114,115,115,115,115,115,115,115,115,115,115,115,115,115,115,115,115,115,115,115,115,115,150,115,115,115,115,115,115,115,150,150,150,115,115,114,150,114,150,114,150,115,150
0,151,151,151,151,151,151,151,151,151,151,151,151,151,151,151,151,151,151,151,151,151,151,151,151,151,151,151,151,151,151,151,151,151,151,151,151,151,151,151,151,151,151,151,151,151,151,151,151,151,151,151,151,151,151,151,151,151,151,151,151,151,151,151,151,151,151,151,151,151,151,151,151,151,151,151,151,151,151,151,151,151,151,151,151,151,151,151,151,151,151,151,151,151,151,151,151,151,151,151,151,151,151,151,151,151,151,151,151,151,151,151,151,151,151,151,151,151,151,151,151,151,151,151,151,151,151,151,151,151,151,151,151,151,151,151,151,151,151,151,151,151,151,151,151,151,151,151,151,149,151,151,151,151,151,151,151
0,152,152,152,152,152,152,152,152,152,152,152,152,152,152,152,152,152,152,152,152,152,152,152,152,152,152,152,152,152,152,152,152,152,152,152,152,152,152,152,152,152,152,152,152,152,152,152,152,152,152,152,152,152,152,152,152,152,152,152,152,152,152,152,152,152,152,152,152,152,152,152,152,152,152,152,152,152,152,152,152,152,152,152,152,152,152,152,152,152,152,152,152,152,152,152,152,152,152,152,152,152,152,152,152,152,152,152,152,152,152,152,152,152,152,152,152,152,152,152,152,152,152,152,152,152,152,152,152,152,152,152,152,152,152,152,152,152,152,152,152,152,152,152,152,152,152,152,152,152,150,152,152,152,152,152,152
0,153,153,153,153,153,153,153,153,153,153,153,153,153,153,153,153,153,153,153,153,153,153,153,153,153,153,153,153,153,153,153,153,153,153,153,153,153,153,153,153,153,153,153,153,153,153,153,153,153,153,153,153,153,153,153,153,153,153,153,153,153,153,153,153,153,153,153,153,153,153,153,153,153,153,153,153,153,153,153,153,153,153,153,153,153,153,153,153,153,153,153,153,153,153,153,153,153,153,153,153,153,153,153,153,153,153,153,153,153,153,153,153,153,153,153,153,153,153,153,153,153,153,153,153,153,153,153,153,153,153,153,153,153,153,153,153,153,153,153,153,153,153,153,153,153,153,153,153,153,153,151,153,153,153,153,153
0,154,154,154,154,154,154,154,154,154,154,154,154,154,154,154,154,154,154,154,154,154,154,154,154,154,154,154,154,154,154,154,154,154,154,154,154,154,154,154,154,154,154,154,154,154,154,154,154,154,154,154,154,154,154,154,154,154,154,154,154,154,154,154,154,154,154,154,154,154,154,154,154,154,154,154,154,154,154,154,154,154,154,154,154,154,154,154,154,154,154,154,154,154,154,154,154,154,154,154,154,154,154,154,154,154,154,154,154,154,154,154,154,154,154,154,154,154,154,154,154,154,154,154,154,154,154,154,154,154,154,154,154,154,154,154,154,154,154,154,154,154,154,154,154,154,154,154,154,154,154,154,152,154,154,154,154
0,62,62,62,62,62,62,62,62,62,62,62,62,62,62,62,62,62,62,62,62,62,62,62,62,62,62,62,62,62,62,62,62,62,62,62,62,62,62,62,62,62,62,62,62,62,62,62,62,62,62,62,62,62,62,62,62,62,62,62,62,62,62,63,62,63,62,62,62,62,62,62,62,62,62,62,62,62,62,62,62,62,62,62,62,62,62,62,62,62,62,62,62,62,62,62,62,62,62,62,62,62,62,62,62,62,62,62,62,62,62,62,62,62,62,62,62,62,62,62,62,62,62,62,62,62,62,62,62,62,62,62,62,62,62,62,62,62,62,62,62,62,62,62,62,62,62,62,62,62,62,62,62,153,62,62,62
0,91,91,91,91,91,91,91,91,91,91,91,91,91,91,91,91,91,91,91,144,91,144,91,91,91,144,91,91,144,91,144,91,91,91,91,91,91,91,91,91,91,91,91,91,91,91,91,144,91,144,91,91,91,91,91,144,91,91,91,91,91,91,144,144,144,144,91,144,91,91,91,91,91,91,144,91,144,91,144,91,144,144,144,91,91,91,144,91,144,144,91,144,144,144,91,144,91,91,91,91,91,91,91,91,144,91,91,91,144,91,144,91,91,91,144,144,144,144,144,144,144,144,144,144,144,144,144,91,144,91,91,144,91,91,91,144,91,91,91,91,91,91,91,144,144,144,91,144,91,144,91,144,91,91,144,156
0,92,92,92,92,92,92,92,92,92,92,92,92,92,92,92,92,92,92,92,92,92,92,92,92,92,92,92,92,92,92,92,92,92,92,92,92,92,92,92,92,92,92,92,92,92,92,92,92,92,92,92,92,92,92,92,92,92,92,92,92,92,92,92,92,92,92,92,92,92,92,92,92,92,92,92,92,92,92,92,92,92,92,92,92,92,92,92,92,92,92,92,92,92,92,92,92,92,92,92,92,92,92,92,92,92,92,92,92,92,92,92,92,92,92,92,92,92,92,92,92,92,92,92,92,92,92,92,92,92,92,92,92,92,92,92,92,92,92,92,92,92,92,92,92,92,92,92,92,92,92,92,92,92,92,155,92
0,0,0,0,0,0,0,0,0,0,0,0,0,0,0,0,0,0,0,0,0,0,0,0,0,0,0,0,0,0,0,0,0,0,0,0,0,0,0,0,0,0,0,0,0,0,0,0,0,0,0,0,0,0,0,0,0,0,0,0,0,0,0,0,0,0,0,0,0,0,0,0,0,0,0,0,0,0,0,0,0,0,0,0,0,0,0,0,0,0,0,0,0,0,0,0,0,0,0,0,0,0,0,0,0,0,0,0,0,0,0,0,0,0,0,0,0,0,0,0,0,0,0,0,0,0,0,0,0,0,0,0,0,0,0,0,0,0,0,0,0,0,0,0,0,0,0,0,0,0,0,0,0,0,0,0,0
