505.094604613,180.022761389,
505.094604613,446.424301786,
180.022761389,316.589474381,
446.424301786,450.440260829,
316.589474381,414.082990311,162.574343484,
450.440260829,414.082990311,493.256991829,
162.574343484,200.05512113,163.482440452,
493.256991829,297.567495635,
200.05512113,277.939188692,308.040711968,
163.482440452,277.939188692,568.505491909,
297.567495635,134.428821042,
149.41282997,68.2067267729,207.620499735,
568.505491909,615.982190519,371.43505045,
149.41282997,615.982190519,
273.227891813,111.838791854,
371.43505045,329.147746566,312.878122554,
273.227891813,329.147746566,98.8701543867,
81.6120524337,273.634184837,
111.838791854,81.6120524337,
312.878122554,98.8701543867,585.247502274,
260.283283552,198.741467788,
198.741467788,415.911305122,
415.911305122,113.809628025,242.7513819,
432.574519386,355.484477295,466.319180887,180.648409257,446.946369532,
403.228697613,271.654325739,493.32124802,152.673577183,
260.283283552,216.976135092,
216.976135092,113.809628025,488.336855259,74.8260062562,
403.228697613,427.140059808,392.695884096,260.044059631,
427.140059808,173.136121473,
355.484477295,60.3072766653,206.223659992,
60.3072766653,253.420276617,209.212243708,
585.247502274,392.695884096,253.420276617,
308.040711968,209.212243708,353.934443643,
353.934443643,
134.428821042,68.2067267729,302.654353625,
273.634184837,305.346126556,235.002962224,
305.346126556,197.373417067,
207.620499735,235.002962224,197.373417067,481.985491196,
181.368434707,288.963926685,443.172589989,
302.654353625,181.368434707,293.533760836,
293.533760836,
281.371458452,324.325790071,188.799097769,
281.371458452,233.631808732,334.290460713,
324.325790071,144.047038547,
144.047038547,328.25215925,318.251944315,164.858080347,467.676986501,
233.631808732,328.25215925,
334.290460713,323.117577256,
323.117577256,185.407311862,462.983007562,
185.407311862,444.237495608,343.630196599,408.46207176,314.141109564,
340.973914363,444.237495608,412.891413335,
340.973914363,294.364541982,178.740379944,178.223353111,
294.364541982,214.111692978,242.409563926,
214.111692978,504.845263697,510.92024723,
318.251944315,186.478919114,199.548002331,150.583612885,
186.478919114,190.747439861,431.366377799,
343.630196599,109.838962516,
164.858080347,199.548002331,109.838962516,334.369348179,
467.676986501,242.409563926,150.583612885,334.369348179,
190.747439861,534.003258847,136.439776376,
534.003258847,432.402979952,571.165053863,
136.439776376,432.402979952,141.277814692,
571.165053863,65.4309343547,
484.220975054,210.559955531,86.32711334,
210.559955531,336.676624374,278.61967646,
336.676624374,429.729917983,
429.729917983,605.361710406,
504.845263697,136.215896594,49.5849939926,
136.215896594,31.2547628859,
431.366377799,31.2547628859,
481.985491196,288.963926685,
443.172589989,329.706451577,321.798992982,
329.706451577,364.922892137,
321.798992982,241.448557925,196.866318881,
241.448557925,448.854243765,78.7265890893,
448.854243765,475.128282096,
420.810665356,139.787719699,
420.810665356,124.684841683,
124.684841683,108.56364218,393.512314995,
108.56364218,304.893854394,
304.893854394,81.6461956411,
436.364605795,356.573496887,
86.32711334,278.61967646,461.635572827,
461.635572827,498.01907166,296.81900586,
510.92024723,49.5849939926,598.590333837,163.404213613,
218.729572769,203.28495843,
313.689724303,250.190076819,
557.323424607,107.749275609,342.130583033,719.095917693,
557.323424607,284.482576043,
284.482576043,373.470536748,
408.46207176,423.776206247,87.850055367,332.286995775,
412.891413335,449.899774977,394.759331797,402.009483275,
178.740379944,449.899774977,45.6943062891,255.945294232,
462.983007562,314.141109564,423.776206247,397.380159143,
87.850055367,397.380159143,278.332524969,
107.749275609,278.332524969,246.626137646,334.59736977,
246.626137646,436.010268994,
271.654325739,450.230437246,
488.336855259,553.243571531,391.441338763,
553.243571531,346.746741579,
391.441338763,306.099814762,
306.099814762,612.300998762,
346.746741579,463.326090948,669.001580058,
612.300998762,463.326090948,333.080848296,
333.080848296,
669.001580058,188.451336027,135.902517138,
436.364605795,188.451336027,325.361224227,
218.729572769,76.4223952972,485.751638519,325.361224227,309.286077699,
342.130583033,334.59736977,309.286077699,
166.777856105,213.592272386,
141.277814692,267.861015295,120.643483046,
267.861015295,339.724650224,509.682711395,
339.724650224,172.158563323,
244.001631577,172.158563323,563.903098297,195.524273396,
563.903098297,194.072777047,
498.01907166,297.064019927,
296.81900586,294.394818048,18.9447186855,
387.239753927,344.49832223,366.458908,
387.239753927,68.1875279653,378.898473612,436.539057896,
294.394818048,344.49832223,68.1875279653,311.972620342,
18.9447186855,366.458908,378.898473612,311.972620342,
120.643483046,145.983598488,218.534809445,
145.983598488,110.990649098,
393.512314995,195.524273396,110.990649098,322.915509705,
218.534809445,195.412368913,
195.412368913,143.556628608,
143.556628608,404.025154946,
81.6461956411,404.025154946,
213.592272386,292.849436955,296.457834062,
292.849436955,394.087687201,
436.010268994,450.230437246,394.087687201,
180.648409257,493.32124802,
446.946369532,74.8260062562,296.457834062,
152.673577183,173.136121473,188.799097769,
54.1371482559,364.922892137,323.429624596,
196.866318881,78.7265890893,
139.787719699,525.868893073,
356.573496887,135.902517138,
178.223353111,163.404213613,45.6943062891,436.539057896,
203.28495843,313.689724303,414.512566475,
719.095917693,485.751638519,414.512566475,
250.190076819,290.322233174,
290.322233174,306.212304716,
306.212304716,232.99565027,
95.3858695088,232.99565027,309.514998494,
332.286995775,394.759331797,331.573334567,
373.470536748,331.573334567,
475.128282096,525.868893073,
322.915509705,
194.072777047,297.064019927,154.784037497,
154.784037497,174.692174094,
174.692174094,185.306579913,
185.306579913,196.387783919,
196.387783919,520.153457182,
65.4309343547,484.220975054,520.153457182,
402.009483275,309.514998494,292.712560849,
255.945294232,292.712560849,
341.852968837,535.009521824,
453.700975849,
435.897448037,280.9357468,
283.893863178,386.080509868,
131.376899403,196.355931626,
155.281006877,176.17784802,
103.925649837,
77.0879931168,174.969208202,
510.588730055,171.225755987,
308.779433673,213.408801792,
